5.144735574722290039e-01
4.310259819030761719e-01
4.303894340991973877e-01
4.685172438621520996e-01
4.502072334289550781e-01
4.284520745277404785e-01
4.048605859279632568e-01
4.046671092510223389e-01
3.786087334156036377e-01
3.668667078018188477e-01
3.654696345329284668e-01
3.814381361007690430e-01
3.580930233001708984e-01
3.294701576232910156e-01
3.690534532070159912e-01
4.160078465938568115e-01
4.251441359519958496e-01
3.748812675476074219e-01
4.458969235420227051e-01
4.944376647472381592e-01
5.253562331199645996e-01
4.949792623519897461e-01
4.329285323619842529e-01
4.649001061916351318e-01
4.676908552646636963e-01
5.261440277099609375e-01
4.637853205204010010e-01
4.589297473430633545e-01
4.230769276618957520e-01
4.791974723339080811e-01
4.455099105834960938e-01
4.255928695201873779e-01
4.588648080825805664e-01
4.699766039848327637e-01
3.000614047050476074e-01
2.563492059707641602e-01
3.061921894550323486e-01
2.667407095432281494e-01
3.907566368579864502e-01
4.481383264064788818e-01
4.671823382377624512e-01
4.697964489459991455e-01
5.090777873992919922e-01
5.320063233375549316e-01
5.163567662239074707e-01
5.221793651580810547e-01
4.697879552841186523e-01
4.504406750202178955e-01
4.611181318759918213e-01
4.798152446746826172e-01
5.150752067565917969e-01
4.944664835929870605e-01
5.288779735565185547e-01
4.891643524169921875e-01
4.245807230472564697e-01
4.188436567783355713e-01
4.490933716297149658e-01
3.938550651073455811e-01
2.981567382812500000e-01
4.539970755577087402e-01
4.356884658336639404e-01
4.085857272148132324e-01
3.982252180576324463e-01
3.622884452342987061e-01
3.925044536590576172e-01
4.031109809875488281e-01
4.787658452987670898e-01
5.200589895248413086e-01
4.943434894084930420e-01
4.798164963722229004e-01
4.475840032100677490e-01
4.295877516269683838e-01
5.079567432403564453e-01
5.319743752479553223e-01
5.420592427253723145e-01
5.297815203666687012e-01
5.424841046333312988e-01
5.340861082077026367e-01
5.202468037605285645e-01
5.074996948242187500e-01
3.672545552253723145e-01
3.951919376850128174e-01
3.703228831291198730e-01
3.157736957073211670e-01
3.148849010467529297e-01
3.144847750663757324e-01
4.270082414150238037e-01
4.619691371917724609e-01
4.808321297168731689e-01
4.845763146877288818e-01
5.444388985633850098e-01
5.309363007545471191e-01
4.891783297061920166e-01
4.933190345764160156e-01
4.808720052242279053e-01
5.161323547363281250e-01
