4.983251392841339111e-01
3.857813477516174316e-01
4.061583280563354492e-01
4.637443721294403076e-01
4.153318703174591064e-01
3.732030093669891357e-01
3.764429390430450439e-01
4.048820734024047852e-01
3.896036446094512939e-01
4.274911582469940186e-01
3.654450774192810059e-01
4.431913197040557861e-01
4.372225403785705566e-01
3.495780229568481445e-01
3.331091403961181641e-01
4.403075277805328369e-01
4.548645913600921631e-01
3.847976922988891602e-01
4.068444371223449707e-01
4.816040098667144775e-01
4.770060181617736816e-01
5.111680626869201660e-01
3.885271847248077393e-01
4.146685600280761719e-01
3.812683522701263428e-01
4.497125744819641113e-01
4.343137145042419434e-01
3.857942819595336914e-01
3.653846085071563721e-01
3.980504870414733887e-01
4.884343445301055908e-01
4.082465171813964844e-01
4.533823430538177490e-01
4.192761182785034180e-01
3.322855532169342041e-01
2.679025232791900635e-01
3.189440071582794189e-01
3.130259215831756592e-01
3.405439853668212891e-01
4.413564503192901611e-01
5.051663517951965332e-01
4.488729238510131836e-01
5.135495662689208984e-01
5.283442735671997070e-01
5.101981163024902344e-01
5.020658969879150391e-01
4.477578401565551758e-01
4.535489082336425781e-01
4.046852588653564453e-01
4.616673290729522705e-01
5.040069222450256348e-01
4.908566474914550781e-01
5.015774965286254883e-01
4.907035827636718750e-01
4.323034286499023438e-01
4.381304979324340820e-01
4.445654451847076416e-01
4.487966895103454590e-01
3.322845101356506348e-01
4.268068075180053711e-01
4.888451993465423584e-01
3.760568201541900635e-01
3.997130692005157471e-01
3.867880403995513916e-01
3.331014811992645264e-01
3.284296095371246338e-01
4.706372320652008057e-01
4.984390139579772949e-01
4.927168190479278564e-01
4.167510271072387695e-01
3.861755728721618652e-01
4.481175839900970459e-01
4.836241006851196289e-01
5.311803221702575684e-01
5.190455317497253418e-01
5.436807870864868164e-01
5.266751646995544434e-01
5.372099876403808594e-01
5.277923345565795898e-01
5.024596452713012695e-01
3.625299334526062012e-01
3.132998049259185791e-01
3.486504256725311279e-01
2.656931281089782715e-01
3.461529314517974854e-01
3.330825865268707275e-01
4.626246988773345947e-01
4.885637760162353516e-01
4.757833480834960938e-01
5.099348425865173340e-01
5.060628056526184082e-01
5.450993776321411133e-01
4.843324422836303711e-01
5.091772079467773438e-01
5.065108537673950195e-01
4.789476990699768066e-01
