4.969652593135833740e-01
3.844783306121826172e-01
4.007764756679534912e-01
4.121137261390686035e-01
4.117879569530487061e-01
3.660389482975006104e-01
3.649680912494659424e-01
3.749376833438873291e-01
3.927626609802246094e-01
3.587346673011779785e-01
4.131799936294555664e-01
4.237271845340728760e-01
4.181375801563262939e-01
3.506245911121368408e-01
4.086082875728607178e-01
4.293376803398132324e-01
4.631517231464385986e-01
3.785891532897949219e-01
4.107437133789062500e-01
4.917318522930145264e-01
4.448232054710388184e-01
5.075734853744506836e-01
3.840383887290954590e-01
3.953952193260192871e-01
4.222318232059478760e-01
4.790742099285125732e-01
4.342721700668334961e-01
4.161864221096038818e-01
3.756216168403625488e-01
3.927581310272216797e-01
4.499972760677337646e-01
4.486829042434692383e-01
4.112845659255981445e-01
4.272819161415100098e-01
2.734945416450500488e-01
2.830089330673217773e-01
3.413906991481781006e-01
3.169940114021301270e-01
3.333555161952972412e-01
4.689665138721466064e-01
4.914686083793640137e-01
4.357567727565765381e-01
5.169193744659423828e-01
5.340272188186645508e-01
5.094560980796813965e-01
5.128051042556762695e-01
4.185535907745361328e-01
4.426706731319427490e-01
3.878720104694366455e-01
4.510171115398406982e-01
4.976306855678558350e-01
4.922343790531158447e-01
4.647839069366455078e-01
5.110379457473754883e-01
3.979121446609497070e-01
4.073533117771148682e-01
4.512143135070800781e-01
4.010756313800811768e-01
3.928259611129760742e-01
4.538429975509643555e-01
4.385899901390075684e-01
4.198721945285797119e-01
4.190532565116882324e-01
4.023824334144592285e-01
4.127469658851623535e-01
3.640723824501037598e-01
4.715428650379180908e-01
4.754422307014465332e-01
4.947905838489532471e-01
4.220163524150848389e-01
3.972471952438354492e-01
4.280557036399841309e-01
5.015356540679931641e-01
5.491223931312561035e-01
5.409614443778991699e-01
5.447256565093994141e-01
5.288848876953125000e-01
5.187072753906250000e-01
5.146825313568115234e-01
4.390234053134918213e-01
3.572984635829925537e-01
3.625598549842834473e-01
2.979979813098907471e-01
3.078680932521820068e-01
3.547138869762420654e-01
3.599362969398498535e-01
4.575074613094329834e-01
4.962936043739318848e-01
5.087183117866516113e-01
5.064988732337951660e-01
5.304107069969177246e-01
5.415465831756591797e-01
4.681631326675415039e-01
4.618355333805084229e-01
5.110179185867309570e-01
4.598590135574340820e-01
