5.220094323158264160e-01
4.555499553680419922e-01
4.690248072147369385e-01
4.682311415672302246e-01
4.547249376773834229e-01
4.725465476512908936e-01
4.140251278877258301e-01
4.318403899669647217e-01
3.740837574005126953e-01
3.594850897789001465e-01
3.243682980537414551e-01
3.501506149768829346e-01
3.490506112575531006e-01
3.144584894180297852e-01
3.341218531131744385e-01
4.015698432922363281e-01
4.263470768928527832e-01
4.038817584514617920e-01
4.677380919456481934e-01
5.288300514221191406e-01
5.042780041694641113e-01
5.218515992164611816e-01
4.966711401939392090e-01
4.915134906768798828e-01
4.892856776714324951e-01
5.124574303627014160e-01
4.757456183433532715e-01
4.728908836841583252e-01
4.608887434005737305e-01
4.969782233238220215e-01
4.869374036788940430e-01
4.376525878906250000e-01
4.378823339939117432e-01
3.795508146286010742e-01
2.982976138591766357e-01
2.686420381069183350e-01
3.840926885604858398e-01
2.773539721965789795e-01
3.854460418224334717e-01
4.774939119815826416e-01
4.559907019138336182e-01
5.110572576522827148e-01
5.143881440162658691e-01
5.412494540214538574e-01
5.016551613807678223e-01
5.179629325866699219e-01
4.958274364471435547e-01
4.903370440006256104e-01
4.954338073730468750e-01
4.839203059673309326e-01
5.270192027091979980e-01
5.290153622627258301e-01
5.319150686264038086e-01
5.193567276000976562e-01
4.465023279190063477e-01
4.443151056766510010e-01
4.164816737174987793e-01
4.097917973995208740e-01
3.517265319824218750e-01
4.862530529499053955e-01
4.771095812320709229e-01
4.664229452610015869e-01
4.088415801525115967e-01
3.511785566806793213e-01
4.210949242115020752e-01
4.096457362174987793e-01
4.712002575397491455e-01
5.050471425056457520e-01
5.155398249626159668e-01
4.943493604660034180e-01
4.724456667900085449e-01
4.682520627975463867e-01
5.109600424766540527e-01
5.328508019447326660e-01
5.344114303588867188e-01
5.480974912643432617e-01
5.364305377006530762e-01
5.394652485847473145e-01
5.244458913803100586e-01
5.151737928390502930e-01
4.088060557842254639e-01
3.593540489673614502e-01
3.994617462158203125e-01
2.637205719947814941e-01
3.448569476604461670e-01
3.153792917728424072e-01
4.256504774093627930e-01
4.777079224586486816e-01
4.656698703765869141e-01
4.729632437229156494e-01
5.381987094879150391e-01
5.354779362678527832e-01
4.970687627792358398e-01
5.225781798362731934e-01
5.295949578285217285e-01
5.235969424247741699e-01
