5.211347341537475586e-01
4.533336162567138672e-01
4.528164267539978027e-01
4.837952554225921631e-01
4.689183533191680908e-01
4.512422978878021240e-01
4.200754761695861816e-01
4.151779711246490479e-01
3.733720183372497559e-01
3.631098568439483643e-01
3.550300598144531250e-01
3.523648083209991455e-01
3.440098464488983154e-01
3.419302105903625488e-01
3.402120769023895264e-01
3.969585895538330078e-01
4.285933077335357666e-01
3.816536664962768555e-01
4.692222476005554199e-01
5.276640653610229492e-01
5.093044638633728027e-01
4.978197813034057617e-01
4.587740898132324219e-01
4.816406369209289551e-01
4.848268330097198486e-01
5.172600746154785156e-01
4.660772383213043213e-01
4.586365520954132080e-01
4.484269022941589355e-01
4.596658349037170410e-01
4.721923768520355225e-01
4.465125501155853271e-01
4.434241354465484619e-01
3.881977796554565430e-01
3.066850602626800537e-01
2.568672001361846924e-01
3.128542602062225342e-01
3.012275397777557373e-01
3.546715974807739258e-01
4.556730985641479492e-01
4.745985865592956543e-01
4.937890768051147461e-01
5.165983438491821289e-01
5.340543389320373535e-01
5.264306664466857910e-01
4.948878884315490723e-01
4.784937798976898193e-01
4.869356751441955566e-01
4.810393750667572021e-01
4.937280416488647461e-01
5.120073556900024414e-01
5.242669582366943359e-01
5.181679725646972656e-01
5.062564611434936523e-01
4.421953558921813965e-01
4.498839080333709717e-01
4.133751094341278076e-01
3.892463743686676025e-01
3.525730371475219727e-01
4.712499678134918213e-01
4.807780683040618896e-01
4.380905330181121826e-01
4.255120754241943359e-01
3.661831915378570557e-01
3.993192017078399658e-01
3.772326707839965820e-01
4.695137441158294678e-01
5.121895670890808105e-01
5.187366008758544922e-01
4.809459149837493896e-01
4.559279978275299072e-01
4.860115349292755127e-01
5.322369337081909180e-01
5.334894061088562012e-01
5.487062931060791016e-01
5.355243086814880371e-01
5.364711284637451172e-01
5.441750288009643555e-01
5.158194899559020996e-01
4.743966758251190186e-01
4.121086597442626953e-01
3.362950980663299561e-01
3.926762044429779053e-01
2.958821654319763184e-01
3.168224394321441650e-01
3.278495967388153076e-01
4.432827234268188477e-01
4.353059232234954834e-01
4.428072571754455566e-01
4.924846589565277100e-01
5.416678786277770996e-01
5.456929206848144531e-01
5.156716108322143555e-01
5.115337371826171875e-01
4.936531186103820801e-01
5.117146372795104980e-01
