-3.423109886101887156e-01
-3.093727082777428805e-01
-3.090101939196403524e-01
-3.117160938759873101e-01
-2.427526243708977294e-01
-2.338964130522891427e-01
-2.992227708857451152e-01
-2.517065097157040743e-01
-3.361332852935803306e-01
-3.564028142861128678e-01
-2.769801690019193519e-01
-2.429074220358793390e-01
-2.416190097921475655e-01
-2.819827488516382097e-01
-2.339531944951578346e-01
-2.096163043431717998e-01
-3.103517006530669420e-01
-3.061793089576367866e-01
-2.893687882147821799e-01
-2.432292721254176726e-01
-3.347656078915943745e-01
-3.106666865705960401e-01
-2.879942578148944055e-01
-3.794855632942699675e-01
-3.272168670107817867e-01
-3.052229443365956918e-01
-2.833621221361597442e-01
-2.933550839970098245e-01
-3.936299534275833345e-01
-2.766612253150608769e-01
-3.070725690818525422e-01
-2.493863233565185578e-01
-2.821411120335401979e-01
-2.696391260625403685e-01
-2.418637456300483102e-01
-2.997721371645900579e-01
-2.648569245571816833e-01
-2.231834821028175764e-01
-2.513605054107499459e-01
-2.637060362551566506e-01
-2.447640419403065426e-01
-2.328203966732915742e-01
-2.820371599453945777e-01
-3.002885692942969253e-01
-3.127180091825669805e-01
-3.342933804556742494e-01
-3.396626016349608701e-01
-3.393411084507027553e-01
-2.829702810275385172e-01
-3.999582854010361732e-01
-3.074543229022452806e-01
-2.824524950077320629e-01
-3.485885869395890513e-01
-2.803967267148874676e-01
-3.423420864224280269e-01
-2.924535973508954889e-01
-3.219561377591069196e-01
-2.769550162740395116e-01
-3.229463323878805081e-01
-3.022235312124488260e-01
-2.852958143825277126e-01
-1.759007363998641438e-01
-2.681519750490619636e-01
-3.181516028431208287e-01
-2.563691888102301863e-01
-3.045369947539751099e-01
-2.156213131221051960e-01
-2.265221187822699100e-01
-2.707992463429884644e-01
-2.340129404928621426e-01
-2.637063075998224981e-01
-3.464572323346652993e-01
-2.676807484288765693e-01
-2.666145716718213432e-01
-3.788145448291941886e-01
-3.535556003702158279e-01
-2.941159102302652872e-01
-2.410310889609474927e-01
-2.831779321317535736e-01
-4.177024819252714849e-01
-2.216820087171245124e-01
-2.714090388647960594e-01
-2.300742633901964318e-01
-2.693958190738123815e-01
-1.815717497476629916e-01
-2.297865153828722029e-01
-2.713670515927240068e-01
-2.672721613660100637e-01
-2.356390420092118188e-01
-3.207804226620767363e-01
-2.069348480668449231e-01
-2.877278465872306068e-01
-2.692769298457120541e-01
-3.152162225739993939e-01
-2.607253614061217917e-01
-2.619589144821712345e-01
-2.773721546205778488e-01
-3.079077179500633310e-01
-3.448563169095579806e-01
-2.566214490189651087e-01
