6.935539544236470899e-01
8.191307386450052963e-01
8.063530111619547913e-01
7.826302861380932674e-01
7.968504330404564406e-01
7.150856102274993908e-01
7.837173981532110645e-01
7.271817235470441343e-01
7.470780370405647464e-01
7.897901824154635042e-01
8.260248032243626692e-01
7.794318595843716668e-01
7.893843267044816647e-01
8.356415295512999997e-01
7.526454125418866603e-01
7.895906988543781591e-01
8.349679832712011418e-01
7.449867985322903285e-01
8.004608427207504651e-01
7.150716741399538723e-01
7.810051364921952732e-01
7.684612822304556223e-01
6.080436715700237027e-01
7.706492752389295653e-01
7.855702739065525408e-01
8.043382679144700509e-01
8.004542200780810912e-01
7.457951773890836300e-01
7.902915846826958912e-01
7.322735345882301905e-01
8.063217501513585406e-01
7.446617903374439518e-01
8.233309303467420959e-01
8.174080296687233904e-01
8.268585446989570320e-01
7.854992948918280149e-01
8.201835282467384580e-01
8.203353830112265488e-01
7.854800614619420474e-01
7.361819041042678702e-01
8.177011842303664180e-01
8.260254289023688523e-01
8.191989191942433690e-01
7.288500992046339499e-01
7.442847345736416376e-01
7.753461446516396460e-01
8.160329731083044713e-01
7.333068281109976772e-01
7.462981325035200619e-01
7.532835948457747843e-01
6.988927315144014552e-01
7.866028826959907683e-01
7.585053776043524376e-01
7.854501384095197158e-01
7.120771500607834259e-01
7.637217685497700304e-01
8.153380316610868705e-01
7.605956748175541904e-01
8.244062782280840995e-01
8.316762157240853437e-01
7.220210089196896774e-01
7.769202546460173275e-01
8.437098923286231456e-01
7.786390970059025030e-01
7.815507280366361664e-01
7.552981275708910980e-01
7.572140074360174111e-01
7.702377760480642044e-01
7.811954185928861039e-01
7.885591305039367782e-01
7.704795914396791456e-01
7.785235814041140401e-01
8.067702567671518610e-01
7.611391110680911787e-01
8.049317566768430243e-01
7.934064435425821626e-01
7.016798028279054300e-01
7.508968415776304806e-01
7.882902444109043394e-01
8.118301996807315568e-01
7.711552070373306478e-01
7.880500571231475737e-01
8.170255242539119500e-01
8.007005598966121518e-01
8.194162237010963468e-01
7.773397510522750409e-01
7.843861579681051799e-01
7.655874779356509618e-01
7.796209394622174438e-01
7.931683691169559847e-01
8.423193912323415633e-01
7.632409539422584377e-01
7.229066712561944552e-01
7.605134730233470419e-01
7.606313912633255736e-01
7.646535746487589380e-01
6.733173512282852879e-01
7.488413311108514936e-01
7.899874320410048556e-01
7.957762691417566980e-01
