9.426239002791014787e-01
9.170653566990580874e-01
9.286815555970776570e-01
9.268368603445088505e-01
9.248874455411092432e-01
9.335491821628683073e-01
9.407669450657973886e-01
9.416462557377756060e-01
8.430022331081683529e-01
8.974540437327307441e-01
8.841484411374321839e-01
8.628244172697645542e-01
8.580211249679041696e-01
8.236074795941183968e-01
9.236296029139321462e-01
8.936309531469334155e-01
8.865228325520432273e-01
9.076565397721239048e-01
9.090595947965159906e-01
9.477285082435698005e-01
9.440700496776349704e-01
9.171331423724979892e-01
9.607510005141086662e-01
8.886963240205677517e-01
9.273857944303253165e-01
9.201917565123199916e-01
9.484394176697645840e-01
9.126426833803392702e-01
9.639876106181248794e-01
9.148869348109720523e-01
9.309800652506289298e-01
9.324747156764352507e-01
8.952015426067425619e-01
9.197332062087266724e-01
9.216802795599411402e-01
8.877761114782992680e-01
9.054445803029615991e-01
8.793562921657913645e-01
9.155950861135029317e-01
8.981294614464963022e-01
8.775982673514852728e-01
9.134286321780690221e-01
8.809441163864532021e-01
9.399720074372512890e-01
9.166559728113303773e-01
9.601753263170845765e-01
9.557826711684509480e-01
9.447199033987964123e-01
9.555538470030373599e-01
9.236938374290595277e-01
9.196084375919469922e-01
9.424803040772473661e-01
9.557392510996935986e-01
8.573368611556629881e-01
9.138607247509283882e-01
8.786225930180490140e-01
9.077487603191122245e-01
8.995535153670897177e-01
9.134408054578861957e-01
9.235229075904012319e-01
9.085434084723319481e-01
8.836192600885585113e-01
8.998364445906738007e-01
8.893072831548483048e-01
8.891064508656013610e-01
8.789536439882154051e-01
9.130619217233578722e-01
9.284422204929707600e-01
9.388857026920940374e-01
9.492791009688970050e-01
9.283639086765008708e-01
9.604364982040581866e-01
9.398597666852833710e-01
9.574539152971253131e-01
9.536866020694825252e-01
9.376285197461897702e-01
9.503542123415078535e-01
9.324685759750792613e-01
9.090046968365462776e-01
9.220291289426787440e-01
8.578181248698384387e-01
9.104742243383724398e-01
8.548131372770995107e-01
9.286570887291688559e-01
8.773061318947441567e-01
8.325133865232475783e-01
8.947631035468542882e-01
8.859835468785255408e-01
8.938145900549514522e-01
8.706575728481589227e-01
9.030543468251015504e-01
9.339799940739128559e-01
9.517834667604604393e-01
9.301603471314273675e-01
9.490343097311342291e-01
8.915083396587402120e-01
9.694815303020009045e-01
9.260460981658180657e-01
9.398174911366803386e-01
9.333801849024370156e-01
