8.490052904712646065e-01
8.406249933763562110e-01
8.300714846226580068e-01
9.092469323547511806e-01
8.790123724019639484e-01
9.022346969844095010e-01
9.044887835240201790e-01
7.674151445692082296e-01
7.674151445692082296e-01
7.674151445692082296e-01
7.674151445692082296e-01
7.674151445692082296e-01
6.849868456414256457e-01
6.849868456414256457e-01
6.849868456414256457e-01
7.315380444819290506e-01
7.799636426853963078e-01
7.799636426853963078e-01
7.799636426853963078e-01
8.916173508334506170e-01
8.536425917199884639e-01
9.319862285689861636e-01
8.253967826401111818e-01
8.731913038538897665e-01
8.963362011940980700e-01
8.887148069920156601e-01
8.341390450624637243e-01
8.186000300893113701e-01
8.566357350732382026e-01
8.657864218586223126e-01
8.743639794846732594e-01
8.743639794846732594e-01
8.743639794846732594e-01
4.760679900152858801e-01
4.760679900152858801e-01
4.760679900152858801e-01
4.760679900152858801e-01
7.315884193085746556e-01
7.315884193085746556e-01
8.058871150824198359e-01
8.058871150824198359e-01
8.058871150824198359e-01
7.586856932264796072e-01
9.204038983946745134e-01
9.115250621007987553e-01
9.126980394842071354e-01
8.715934549373953732e-01
8.939342955458280393e-01
9.138567797424248518e-01
8.330849885751880901e-01
9.062353976221926288e-01
8.630856380252308613e-01
8.952713604927640123e-01
8.527341288404618469e-01
8.112315524528932453e-01
8.112315524528932453e-01
8.112315524528932453e-01
8.112315524528932453e-01
7.842305081010318979e-01
7.842305081010318979e-01
7.253226123628425670e-01
7.253226123628425670e-01
7.253226123628425670e-01
7.253226123628425670e-01
8.062180803775089721e-01
8.062180803775089721e-01
8.062180803775089721e-01
9.198284524739686052e-01
8.717945191470533040e-01
8.555052175608908183e-01
8.492322741712617917e-01
8.988017316602214812e-01
8.717918267831938905e-01
9.164362583356610026e-01
8.595911763938187677e-01
8.688357585744316269e-01
8.531734902466460158e-01
9.205875116149324633e-01
8.389805976205895188e-01
7.623115955787700404e-01
7.623115955787700404e-01
7.623115955787700404e-01
7.623115955787700404e-01
7.745511843835006793e-01
7.745511843835006793e-01
7.111857879701373175e-01
7.111857879701373175e-01
7.512053512940957134e-01
7.512053512940957134e-01
7.512053512940957134e-01
7.512053512940957134e-01
8.609797232194408290e-01
8.584949433780812988e-01
8.127819545519255895e-01
8.587502609009047827e-01
9.006088596850337913e-01
8.515239174601089145e-01
8.957055011086244578e-01
9.041495924686658858e-01
8.371051943080460855e-01
