5.024454820903934138e-01
4.884925255501098573e-01
4.899546893436996786e-01
4.881104779034857177e-01
4.804889101531199525e-01
4.586056320955285148e-01
5.021652217389920292e-01
3.839169894453121623e-01
4.612207099373180075e-01
4.315735802302901880e-01
3.891298602091048942e-01
4.082288899625683420e-01
4.085151167904829683e-01
3.767737301249863835e-01
3.719917152147467765e-01
4.407959314163770737e-01
4.072372331185916128e-01
4.183324734902851283e-01
4.199694756098638071e-01
4.817371399397577525e-01
5.319763557180459124e-01
4.933895242782014856e-01
4.934121177713178263e-01
5.139538719371115061e-01
4.493159067600595025e-01
5.051361762860092641e-01
4.959307775045601607e-01
4.667119179186269839e-01
4.847356367149220358e-01
4.928563243196625865e-01
4.768980476664690382e-01
4.023501482326070633e-01
4.406233016496423072e-01
3.745594956421131050e-01
3.719529684629838684e-01
3.613501108607352075e-01
4.210893161436642385e-01
4.321454118869595962e-01
4.220175070641447590e-01
3.929106941318173396e-01
4.224461274088489038e-01
4.116469602227478264e-01
4.013338150492105627e-01
4.954694101502491455e-01
4.761184569964906910e-01
5.147497457899713469e-01
4.849498891213210872e-01
4.992313600069420709e-01
4.867724241976332245e-01
4.962701465981855797e-01
5.087259484257918851e-01
5.014753773760727285e-01
4.977536912269969194e-01
5.034665595945525540e-01
4.851244225032425028e-01
4.072900836883204256e-01
3.928409487208663342e-01
3.769261904361477233e-01
3.848710123815149986e-01
4.160336743671894100e-01
4.039194581972861409e-01
3.990269267832569633e-01
4.145736760775614593e-01
4.039484927210427179e-01
3.966183800814890859e-01
4.149426489020594522e-01
3.742668686386776411e-01
4.782209054371626689e-01
4.713136809565545149e-01
4.871708383268041898e-01
4.975704312296705401e-01
4.895643495085486574e-01
5.024950035908992696e-01
5.249126217389791238e-01
4.892324386456291530e-01
5.041294878398714374e-01
4.841834453230920987e-01
4.837766650736993745e-01
4.827163098763999627e-01
4.453568054310552693e-01
3.663762858458911587e-01
4.154613991124905814e-01
4.077641215065617719e-01
3.693839882185424583e-01
4.059742400191873046e-01
4.093749549552846423e-01
3.684156776423495039e-01
3.896559809619580816e-01
3.847320047658101538e-01
3.936924549860794098e-01
3.431891518911129868e-01
4.787215660146619811e-01
4.730881668637829662e-01
4.773112903841353338e-01
4.899977126518621495e-01
4.955192916697881977e-01
4.720614597236980625e-01
5.080393311565489789e-01
5.252508600212606460e-01
4.794175916795688219e-01
