6.473762090445129846e-01
6.595996757750839379e-01
6.580671037310952265e-01
6.533039559185885858e-01
6.363486844053514169e-01
6.527632596610504212e-01
6.833243973465215060e-01
7.371135651689977308e-01
7.858382102152516868e-01
6.843489828133201280e-01
7.128543700618997780e-01
7.700732830767123005e-01
7.804991298403929356e-01
7.825981122137579682e-01
7.070296990702737983e-01
7.392595197265771079e-01
7.733250983786642552e-01
6.731584648097513890e-01
8.141931241966077204e-01
7.759904817331950699e-01
7.848172213479016612e-01
7.848172213479016612e-01
6.533911808953951628e-01
7.828204005157959333e-01
7.295369789654071457e-01
6.437077911494688554e-01
6.857684345404964077e-01
7.324592681769137581e-01
7.618891980879409775e-01
7.241206480667050638e-01
6.660213694175800558e-01
7.180187465191995022e-01
7.471952640437173887e-01
6.648345426912645184e-01
7.605198855332684360e-01
8.122472098838462440e-01
7.212332583675087339e-01
7.814804217425932453e-01
7.840807692436904119e-01
7.707558917985974922e-01
7.192185293709743021e-01
6.916658764289437267e-01
7.710912472528382855e-01
6.631231684152878447e-01
6.894596132537753608e-01
6.867466891527740369e-01
7.402133703708169143e-01
7.928324718780416225e-01
7.627433298142873852e-01
7.315789764168543208e-01
7.634430739455125847e-01
7.929486255796499572e-01
7.079276912028261703e-01
6.210160129614343827e-01
7.456196629175446677e-01
7.531596531251139037e-01
7.165253283311594501e-01
7.080753064540769026e-01
7.622452381563620261e-01
7.240212456879012715e-01
7.803068012688363364e-01
7.681335268641286129e-01
7.520203510250328405e-01
6.766055847964695946e-01
7.720999427999160059e-01
6.784090492173144860e-01
7.419428883559751053e-01
6.437379612568376874e-01
6.597038536570964951e-01
7.164865333931365043e-01
6.537696965388649639e-01
6.823656639955808512e-01
6.673703965130621807e-01
6.670818463769661033e-01
7.657054290616620573e-01
6.716763687066689137e-01
6.737855250764337445e-01
6.870971645628431990e-01
7.206023108037847846e-01
7.759523717939940113e-01
6.977087404117729985e-01
6.744381818781579607e-01
7.326422687061178163e-01
7.984947701495503924e-01
8.142507660665936342e-01
7.968590294971062971e-01
7.452904379475733254e-01
7.606313165668694420e-01
7.834526380015253144e-01
7.406784402146401325e-01
7.402622744094666807e-01
6.686900630631973375e-01
7.351648744736405394e-01
6.462489453103906767e-01
7.010972440721432442e-01
7.209649434170531945e-01
7.306082789404163558e-01
6.898980906659089030e-01
6.489666457749244666e-01
6.520699949515595950e-01
