4.962460269046906070e-01
4.022737456470643069e-01
4.712518983604424561e-01
3.774466745296402026e-01
4.349218910222205081e-01
4.797650332943974583e-01
4.800393435078702531e-01
4.327012804744130858e-01
4.336485464365399944e-01
4.353715680744271177e-01
4.133074685516513469e-01
4.227076394384440272e-01
3.110699613811581665e-01
3.983925265890787548e-01
4.185187381280672803e-01
3.948543914579545899e-01
4.537247291163551965e-01
4.344729468597646194e-01
4.586107031189900485e-01
4.252449151365021995e-01
4.312618360571729981e-01
4.746451206175441584e-01
4.286480276213293639e-01
4.595525603523247238e-01
4.420549196114459956e-01
3.953750944477342211e-01
4.726385750190683632e-01
3.770122972621817725e-01
4.442539418422210562e-01
3.909009683168845894e-01
4.551023978140112392e-01
4.416094780136706754e-01
4.167929637520640385e-01
4.602261254726491835e-01
4.882695685769898875e-01
4.258113218114432108e-01
3.639560876195040429e-01
4.454433448967045073e-01
3.999146611384329919e-01
3.885317292382658994e-01
3.680892649665298832e-01
4.190523880997554240e-01
4.374111288831619149e-01
4.683134699799252343e-01
4.552421026715300911e-01
4.275962593568519710e-01
4.155560856585717167e-01
4.289876169945260331e-01
4.218282142246538857e-01
4.145792972447495117e-01
3.813485857828117220e-01
4.272010265026576215e-01
4.337434874856868072e-01
4.521504541410480971e-01
4.648511990051021892e-01
3.649079552797302450e-01
3.566586415847892155e-01
4.306148833454667146e-01
3.857997322842566801e-01
3.701738912109706070e-01
4.520829684586233355e-01
4.510883437847575950e-01
4.238642715676743666e-01
3.636581512041306974e-01
4.419651841263351200e-01
4.731154400519571590e-01
4.133812164060698402e-01
4.723338293617314054e-01
4.922451820578087056e-01
4.433397939132202037e-01
4.495706074281245468e-01
4.121333049970294926e-01
4.550030038376547958e-01
4.002337399289059849e-01
4.541955528228300287e-01
4.111622435653793373e-01
4.356458270970879898e-01
4.348667393128826109e-01
4.171476014083213002e-01
3.940245926510922425e-01
3.370560292294857985e-01
4.214919288960559118e-01
4.001917949576389577e-01
3.758284306174382028e-01
3.510417258248733630e-01
3.641470208385894081e-01
4.364040846866153456e-01
3.645620887489112727e-01
3.472186312889791182e-01
4.313418708642756672e-01
3.639748146179888622e-01
4.341240615516668289e-01
4.394815106720840192e-01
4.298188870227176994e-01
4.438279504561842281e-01
4.476387811301966169e-01
4.685593172259983064e-01
3.633563027331454531e-01
4.175251522266052451e-01
4.897863176473368219e-01
