4.523508842836708177e-01
4.564659963829585942e-01
4.549378652576521187e-01
4.441394579755785221e-01
4.413239710453940035e-01
4.444592223058949632e-01
4.387658406201851991e-01
3.992584663186169447e-01
4.123534358454171711e-01
3.981966541068395760e-01
3.789651320742339902e-01
3.789651320742339902e-01
3.982560978281318720e-01
4.138020753493484305e-01
3.911237667741274127e-01
4.096883518130630675e-01
4.029692621524487706e-01
3.876403109613582032e-01
3.951802738311317453e-01
4.377701673341012345e-01
4.765432275239649407e-01
4.426610912388033725e-01
4.625932811063724337e-01
4.313502994225528742e-01
4.499704379809011945e-01
4.336150894877984774e-01
4.415149940571383436e-01
4.479006004662982043e-01
4.467910098465315283e-01
4.510402284015641583e-01
4.683432216288851424e-01
4.028260913955487021e-01
3.968089743253387924e-01
4.165906652017842271e-01
3.908805770231538190e-01
4.102681972874590022e-01
4.161510280873895740e-01
4.048351380294514801e-01
4.132101518792603567e-01
4.048930240344996712e-01
4.088531304080682549e-01
3.983711986809830297e-01
4.394858174345637192e-01
4.395646963387613848e-01
4.379764292548109506e-01
4.550027981152751644e-01
4.299388615770780020e-01
4.518469223524705924e-01
4.456240402432374292e-01
4.423281034845035209e-01
4.569379977092848932e-01
4.504083395670626100e-01
4.469229411551944864e-01
4.373540115929396288e-01
4.636265259547842632e-01
3.957192080502898723e-01
3.846947361769876839e-01
4.135663358793051914e-01
4.026248040269738704e-01
3.980038386498309100e-01
4.161367752479082083e-01
4.118573423636782138e-01
3.915750073173595025e-01
3.847743946981517782e-01
4.177765178285135494e-01
3.999180443886180547e-01
3.889923171324582984e-01
4.477795095988943985e-01
4.545633214281414869e-01
4.412533287962696615e-01
4.452269413922355090e-01
4.514370813299977692e-01
4.419045844747538365e-01
4.501492161136420034e-01
4.436727512338497492e-01
4.448595044639553908e-01
4.512651111496961409e-01
4.270853171711291862e-01
4.572098741583924264e-01
3.927731029395915563e-01
3.831106509663613213e-01
4.036579459546543736e-01
4.161086823951477554e-01
4.110534570327530890e-01
4.102864688298789586e-01
4.061030998959105354e-01
4.049356852081498204e-01
4.105116995492132936e-01
4.132311389738365648e-01
4.108184714237789192e-01
3.958060325461462692e-01
4.482117211620852415e-01
4.358188441553676462e-01
4.422518601488416023e-01
4.351071278626184036e-01
4.414982458747724325e-01
4.583421540305974151e-01
4.465414005178830470e-01
4.397042046373409452e-01
4.449960055974865325e-01
