0.000000000000000000e+00
0.000000000000000000e+00
0.000000000000000000e+00
0.000000000000000000e+00
0.000000000000000000e+00
0.000000000000000000e+00
0.000000000000000000e+00
0.000000000000000000e+00
0.000000000000000000e+00
0.000000000000000000e+00
0.000000000000000000e+00
0.000000000000000000e+00
0.000000000000000000e+00
0.000000000000000000e+00
0.000000000000000000e+00
0.000000000000000000e+00
0.000000000000000000e+00
0.000000000000000000e+00
0.000000000000000000e+00
0.000000000000000000e+00
7.458937328120643917e-01
7.458937328120643917e-01
7.458937328120643917e-01
7.049684865328607053e-01
7.561035398108350014e-01
7.561035398108350014e-01
7.561035398108350014e-01
7.309510233637034338e-01
7.309510233637034338e-01
7.309510233637034338e-01
7.309510233637034338e-01
7.309510233637034338e-01
7.309510233637034338e-01
7.309510233637034338e-01
7.309510233637034338e-01
7.309510233637034338e-01
7.309510233637034338e-01
7.309510233637034338e-01
7.309510233637034338e-01
7.309510233637034338e-01
7.309510233637034338e-01
7.309510233637034338e-01
7.309510233637034338e-01
7.309510233637034338e-01
7.309510233637034338e-01
7.530121717995673647e-01
7.530121717995673647e-01
7.530121717995673647e-01
7.530121717995673647e-01
7.530121717995673647e-01
7.530121717995673647e-01
7.530121717995673647e-01
7.530121717995673647e-01
7.530121717995673647e-01
7.671254035034936747e-01
7.671254035034936747e-01
7.671254035034936747e-01
7.671254035034936747e-01
7.671254035034936747e-01
7.671254035034936747e-01
7.671254035034936747e-01
7.671254035034936747e-01
7.671254035034936747e-01
7.671254035034936747e-01
7.671254035034936747e-01
7.671254035034936747e-01
7.671254035034936747e-01
7.671254035034936747e-01
7.671254035034936747e-01
7.671254035034936747e-01
7.671254035034936747e-01
7.671254035034936747e-01
7.671254035034936747e-01
7.671254035034936747e-01
7.671254035034936747e-01
7.932033324329977875e-01
7.932033324329977875e-01
7.932033324329977875e-01
7.932033324329977875e-01
7.932033324329977875e-01
7.932033324329977875e-01
7.932033324329977875e-01
7.932033324329977875e-01
7.932033324329977875e-01
7.932033324329977875e-01
7.932033324329977875e-01
7.932033324329977875e-01
7.932033324329977875e-01
7.932033324329977875e-01
7.932033324329977875e-01
7.932033324329977875e-01
7.602655987369432156e-01
7.348748389464593300e-01
7.348748389464593300e-01
7.348748389464593300e-01
7.348748389464593300e-01
7.348748389464593300e-01
7.348748389464593300e-01
7.348748389464593300e-01
7.348748389464593300e-01
