4.570299429020080462e-01
4.290187798062472524e-01
4.656467207840935263e-01
4.399584467828737133e-01
4.340607433006200555e-01
4.322724813392211374e-01
4.434433649060997018e-01
4.267799225294760523e-01
3.842964692839455632e-01
4.014776623364808561e-01
3.949287660263816058e-01
3.843662328225643243e-01
3.804971944051427357e-01
3.663992052680186129e-01
4.372026188932798263e-01
4.140197307438895358e-01
3.987363123988602043e-01
4.207553910440474665e-01
4.324975822482308163e-01
4.660415971974231075e-01
4.754762810070521373e-01
4.583124895228607998e-01
4.846416479885378714e-01
4.146670934929561625e-01
4.458393086617591372e-01
4.278877567359941070e-01
4.556019609209058241e-01
4.175337733711520505e-01
4.790618172052861778e-01
4.317300379649438025e-01
4.468377756685091295e-01
4.378842204528558546e-01
4.131663386126931403e-01
4.131434121814438476e-01
4.114344611001686802e-01
3.918139477036876595e-01
4.075053918910678252e-01
4.134274306348852956e-01
4.150972078976686297e-01
3.951682936598160945e-01
3.786545680270787528e-01
4.352346955058474243e-01
3.939785175011621954e-01
4.691649675808198805e-01
4.515191197127704226e-01
4.670015389642399040e-01
4.647747937204929625e-01
4.595395406091424273e-01
4.625303806378865401e-01
4.274130745368149853e-01
4.242039674747761779e-01
4.455301685998721006e-01
4.652627952222504470e-01
3.885428952590043172e-01
4.495748583710845736e-01
3.663400531277317684e-01
4.181412778136177066e-01
4.105422974299283712e-01
4.095822458824546763e-01
4.379364283060837582e-01
3.939083314579333583e-01
4.067572344648794358e-01
3.920042222436743162e-01
3.684064082095610537e-01
3.676540208369294960e-01
3.709694247125234212e-01
4.051639244129814355e-01
4.420869929090913142e-01
4.574021004239310906e-01
4.799075150608962947e-01
4.338184847459682913e-01
4.858460357362293092e-01
4.403854566526440584e-01
4.638535669506671510e-01
4.685970287633096643e-01
4.381733135715152327e-01
4.540068988619530566e-01
4.635835112046320372e-01
4.391749658034722614e-01
4.369995456579994220e-01
3.555036949081495923e-01
4.192630966767387224e-01
3.796189877767834897e-01
4.462516298630119782e-01
3.739616122007832777e-01
3.625487421395122700e-01
3.787466800687124824e-01
4.078116555056696679e-01
3.827302752001745523e-01
3.650793109215277887e-01
4.156191179042484918e-01
4.650588652063306072e-01
4.765694342492340918e-01
4.189551709250743938e-01
4.567450958796651639e-01
4.173357383595320269e-01
4.816662051345567130e-01
4.439666934776337337e-01
4.418801334518537294e-01
4.511374670707995471e-01
