4.568713630766469413e-01
4.352866930230437914e-01
4.880364633710136957e-01
4.682716607034766443e-01
4.752545320667526108e-01
4.623574093213005387e-01
4.486190045801400350e-01
4.486190045801400350e-01
4.486190045801400350e-01
4.486190045801400350e-01
4.486190045801400350e-01
4.486190045801400350e-01
4.486190045801400350e-01
4.486190045801400350e-01
4.486190045801400350e-01
4.179008466940110633e-01
4.179008466940110633e-01
4.179008466940110633e-01
4.179008466940110633e-01
4.179008466940110633e-01
4.393225438287624018e-01
4.545901282977308222e-01
4.493148144224266005e-01
4.490241883417420699e-01
4.687467118963216661e-01
4.575170901187969319e-01
4.483539583421824459e-01
4.631814987260131633e-01
4.594694844431916891e-01
4.575437189966808371e-01
4.575437189966808371e-01
4.575437189966808371e-01
4.575437189966808371e-01
4.575437189966808371e-01
4.575437189966808371e-01
4.575437189966808371e-01
4.575437189966808371e-01
4.575437189966808371e-01
4.575437189966808371e-01
4.575437189966808371e-01
4.575437189966808371e-01
4.575437189966808371e-01
4.575437189966808371e-01
4.575437189966808371e-01
4.575437189966808371e-01
4.385640948601117750e-01
4.522961854680350169e-01
4.609615188245394513e-01
4.609615188245394513e-01
4.609615188245394513e-01
4.572374816457550617e-01
4.736567746296997394e-01
4.776419929735212788e-01
4.525492406931611034e-01
4.525492406931611034e-01
4.525492406931611034e-01
4.525492406931611034e-01
4.525492406931611034e-01
4.525492406931611034e-01
4.525492406931611034e-01
4.525492406931611034e-01
4.525492406931611034e-01
4.525492406931611034e-01
4.525492406931611034e-01
4.525492406931611034e-01
4.261049386422702812e-01
4.261049386422702812e-01
4.697321857104267973e-01
4.697321857104267973e-01
4.516494755930367533e-01
4.516494755930367533e-01
4.660165092146804078e-01
4.620952400933113768e-01
4.724442593824335068e-01
4.686516340808151160e-01
4.856267474321323552e-01
4.800985841473237037e-01
4.554845115525495425e-01
4.553731845414623614e-01
4.553731845414623614e-01
4.553731845414623614e-01
4.553731845414623614e-01
4.553731845414623614e-01
4.553731845414623614e-01
4.204725939268577073e-01
4.204725939268577073e-01
4.204725939268577073e-01
4.097109012614298384e-01
4.097109012614298384e-01
4.097109012614298384e-01
4.097109012614298384e-01
4.818549031303362429e-01
4.818549031303362429e-01
4.627535835101207473e-01
4.616347182837517438e-01
4.592852055693030788e-01
4.603678711389844747e-01
4.659963369205720185e-01
4.659963369205720185e-01
4.593475849665546451e-01
