7.944094498166505147e-01
7.941159013838461345e-01
7.645417157421802168e-01
7.351258163209635210e-01
6.830578917595050426e-01
7.730850505850288545e-01
7.657406943779518915e-01
8.075728994493749369e-01
8.025436277300043164e-01
8.479875996236944102e-01
7.719723772430620023e-01
8.309899486500340604e-01
8.265783125427166311e-01
8.065419821214008245e-01
8.044671416894205729e-01
7.619081356203010191e-01
8.004977378436626267e-01
8.297239110518593863e-01
8.320650637931061855e-01
7.913992035018756477e-01
7.119962775433539282e-01
7.802489813642314864e-01
7.888484633315889782e-01
6.861070035556035007e-01
6.867247727917321631e-01
7.854962144776117539e-01
7.751900674603573460e-01
7.616820917684319348e-01
7.981057181048616389e-01
7.237981021809392068e-01
7.088249105313004783e-01
8.261294936551510926e-01
7.690501270450433857e-01
8.077995115294751560e-01
8.119357035670293765e-01
8.112152583674587802e-01
8.156382415301333122e-01
8.354039673280641010e-01
8.439291911962981674e-01
8.372804371653054245e-01
7.908086458754752801e-01
7.696506634575760453e-01
8.387236272200603304e-01
7.182092614530630748e-01
7.629737371578395599e-01
7.176229255094859205e-01
6.909606235774333749e-01
6.726942779879345746e-01
7.761837873672745580e-01
7.206307194224541579e-01
7.203142947995824219e-01
7.149017767331176110e-01
7.084670467732832044e-01
7.734661178038393370e-01
7.200528295555077563e-01
8.279817272833100983e-01
8.313882286062329596e-01
7.370148417693315190e-01
7.895941649178482846e-01
7.918263767560003163e-01
8.334395897345342474e-01
7.566460159685840514e-01
8.251631644465752258e-01
8.395831962485122979e-01
7.952557957406347633e-01
8.351429177444438245e-01
8.314551192059667084e-01
7.313582693229796483e-01
7.309007786705881138e-01
7.379108060923444956e-01
7.390734203941674574e-01
7.704199208868361959e-01
7.234639657808441537e-01
7.757851679640028753e-01
7.651715812604787947e-01
7.259280706190940347e-01
7.252369606051753959e-01
7.942221835405113284e-01
7.572481600434792792e-01
7.960276589641759326e-01
8.387910108181625413e-01
7.834784338715472529e-01
7.435833920976753220e-01
8.157477558612660218e-01
7.878661800012028982e-01
7.679013246501906753e-01
8.480854201228121836e-01
7.728719740809244509e-01
8.159784383468695612e-01
8.145618196131705346e-01
7.746714804778085384e-01
7.785278009864127213e-01
7.501440929180236417e-01
7.683508831292920060e-01
7.736247122548924882e-01
7.304323707893521922e-01
7.030923306328824562e-01
7.280334234472245480e-01
7.902136475793962722e-01
7.717604986235707676e-01
