4.294266101752839959e-01
4.374809625435580607e-01
4.356705929000426192e-01
4.476111178830234349e-01
4.412353070728258220e-01
4.361862893743266856e-01
4.226192487916589635e-01
4.053099095171612820e-01
3.882813610178366681e-01
3.929548901296265884e-01
4.130675147087621291e-01
3.959311947767322204e-01
3.953779647202376735e-01
4.027026487352051154e-01
3.829827976347012219e-01
4.052989977484932060e-01
3.959144043896482557e-01
4.022531601437857596e-01
3.937061464681446132e-01
4.602505365835303230e-01
4.310580473381742661e-01
4.385420945362268341e-01
4.316715242361920390e-01
4.439402553171423182e-01
4.379253417262052861e-01
4.370801438317927778e-01
4.373442168013503828e-01
4.480342771513181610e-01
4.463339891916381363e-01
4.346955512826707890e-01
4.546731045566152485e-01
4.051308970625935313e-01
4.083979131431497711e-01
3.971402925092619163e-01
3.981341426937483052e-01
3.996603537533036654e-01
3.890961774207266632e-01
3.853624309813723503e-01
4.100898734100716370e-01
4.053664695827882691e-01
4.118056421979987558e-01
4.054772498268990888e-01
4.154719331892492429e-01
4.300347988365885721e-01
4.400537314382894638e-01
4.557072021445571774e-01
4.369564173779838523e-01
4.254217942908961603e-01
4.447657652943380890e-01
4.399964920122999001e-01
4.401373891791326987e-01
4.327466832866245783e-01
4.383656630613689820e-01
4.447949207668164262e-01
4.512167858921595220e-01
3.979127069383231463e-01
4.115380737343498074e-01
4.012058012663288764e-01
4.002025697480919852e-01
3.959352039862146233e-01
3.873092952425068458e-01
3.996566029838576339e-01
3.958524498194880836e-01
4.199192749724792728e-01
4.002149594752975048e-01
3.994745341985095344e-01
3.861901079087310951e-01
4.310591063923834287e-01
4.385543639204115829e-01
4.507187849956699188e-01
4.429699357860329423e-01
4.406484418344284171e-01
4.369889498101529046e-01
4.534640751381837642e-01
4.431892299008688418e-01
4.361199595113955940e-01
4.530288617203456769e-01
4.306284509227331636e-01
4.434792889120084958e-01
4.049673057558943468e-01
4.105423041883758950e-01
3.946986080894324678e-01
4.097557215185680946e-01
4.061510164335898065e-01
3.754542484756337450e-01
3.870875510183524049e-01
3.988021426186425522e-01
3.972364944000494891e-01
3.997894082185272646e-01
4.043669325733041386e-01
3.808611859020359924e-01
4.352467380620214654e-01
4.363670805469980207e-01
4.524899763933126762e-01
4.526834236251900401e-01
4.430331428302839991e-01
4.501834453669956715e-01
4.527404666022495916e-01
4.411986631509524082e-01
4.369019600280433790e-01
