4.715124368663578536e-01
4.818368490289646200e-01
4.633079593804921847e-01
4.840601730267416469e-01
4.499473220066964041e-01
4.896329333579166332e-01
4.403672396055523519e-01
3.675822087173111763e-01
3.790070257823844324e-01
4.402993415935949062e-01
4.402057542959288972e-01
4.038478601635087650e-01
4.174134119708184376e-01
4.009241835458824399e-01
4.103025018075048269e-01
4.045190919347348424e-01
4.055011128813639787e-01
3.771401942151066944e-01
4.059539074091624844e-01
4.935701448760698717e-01
4.609192063039168619e-01
4.596402852643152181e-01
4.888493524488305431e-01
4.745849296934280814e-01
4.710390722429927401e-01
4.600110383189086605e-01
4.783822686122242152e-01
4.866851028863659612e-01
4.666738991930396985e-01
4.681399514211737056e-01
4.518891189324637514e-01
3.980258777416251226e-01
4.139253032107603758e-01
3.834231952491327644e-01
3.891380007925707707e-01
3.858481015994045249e-01
4.164356992791686807e-01
3.937035673953016568e-01
4.054325415208985817e-01
4.174427910465540181e-01
4.123370306335539803e-01
3.871479797137564738e-01
4.017757418320939133e-01
4.662118784551961825e-01
4.438208808503321112e-01
5.037075718145229697e-01
4.710215338573138788e-01
4.668696958957719301e-01
4.788711062557835518e-01
4.726622014368504487e-01
4.472867000932448378e-01
5.015565392700567227e-01
4.603373857498302968e-01
4.804245693488136126e-01
4.845703975853020706e-01
3.843372817587387691e-01
3.862015818838920866e-01
3.932047377406698851e-01
4.099547047698736124e-01
4.332702409899637508e-01
4.300260695370128894e-01
4.123207936650885586e-01
3.852625175139233749e-01
3.760792917528072987e-01
3.897031194870310689e-01
3.999663736556178240e-01
3.988890154605589933e-01
4.716822063438883550e-01
4.741169622365988268e-01
4.958700180240859789e-01
4.794297230768378992e-01
4.993674400473626096e-01
4.765532452948577635e-01
4.666027232803298674e-01
4.880428116698496410e-01
4.713680026024138492e-01
4.917602856855456395e-01
4.875619042204915043e-01
4.542431449023245915e-01
3.823408482926958785e-01
4.008662721678825647e-01
3.998485204551940897e-01
3.835005452667014092e-01
3.960754817685716578e-01
3.850192135048020048e-01
3.524745374952446553e-01
3.995545958429685962e-01
3.703750856807078717e-01
3.890491107409234095e-01
4.044901270265860993e-01
4.097256950081602511e-01
4.388986319771615019e-01
4.490543744709748486e-01
4.478543418883410565e-01
4.415416167849260942e-01
4.861120859246875203e-01
4.501895184526185645e-01
4.841733208021420376e-01
4.687233306692676904e-01
4.921685449778902544e-01
