-2.665362425242685518e-01
-2.403794029661967535e-01
-2.355886899994454886e-01
-1.815959064405243684e-01
-1.945044930194326227e-01
-2.612258388482586735e-01
-2.861880554195781468e-01
-1.521381617118984231e-01
-1.237603025896534259e-01
-1.728482898859899919e-01
-2.184558215273544324e-01
-2.400446105912181771e-01
-2.112064658809440498e-01
-1.446366413973025900e-01
-1.610547682817959902e-01
-1.944566435743682042e-01
-1.677618383151031622e-01
-1.799890400619492681e-01
-2.160639190498714335e-01
-2.287689494081377450e-01
-1.790948500743800853e-01
-2.642733037536235674e-01
-2.777961821497338946e-01
-1.884387575996271380e-01
-1.948453815353063945e-01
-2.256925785439702903e-01
-1.977873777622216611e-01
-1.795055304805297514e-01
-1.407606126187617157e-01
-1.530028470118429684e-01
-1.639078630915304924e-01
-2.111419104988587758e-01
-2.202782927706798954e-01
-1.726241577960336837e-01
-1.852953816156057698e-01
-1.553142473374262700e-01
-1.791414059635678679e-01
-1.858034817799527616e-01
-1.997844375552870755e-01
-2.494403700037000071e-01
-1.767185908641433212e-01
-1.849588789587544024e-01
-1.941497210972280563e-01
-2.282611541664461008e-01
-2.442572758006416045e-01
-2.057163988430950052e-01
-2.273955124098239189e-01
-1.947266394221061070e-01
-2.485729659928705981e-01
-1.991010504743195852e-01
-2.395799273430900822e-01
-2.259996516386628684e-01
-2.600229375096498874e-01
-2.213037376364008768e-01
-2.923531798634031453e-01
-1.804326264650009115e-01
-1.313383320706305035e-01
-2.589898606452365470e-01
-2.655203853902095013e-01
-1.896945426098244347e-01
-2.089295867092864079e-01
-2.352979031721553760e-01
-1.728832381794493944e-01
-1.502076804301368806e-01
-1.665772135923704322e-01
-1.514099980410901214e-01
-1.906924209251492641e-01
-1.383778653498712874e-01
-2.202298830273992092e-01
-2.158225066607957210e-01
-2.157121836976458873e-01
-2.228551640765812358e-01
-2.641527777885526174e-01
-2.464183367670889080e-01
-2.070245789498614819e-01
-2.444844249016915327e-01
-2.093996043917807359e-01
-2.109663471630154330e-01
-2.375297677900789495e-01
-2.145468838578543647e-01
-2.024561343174815509e-01
-1.743812860266127363e-01
-1.265373561801934610e-01
-2.280124973006938394e-01
-2.256607669575851904e-01
-2.567481909232014470e-01
-1.824662331127320236e-01
-2.253750864284733701e-01
-2.736648778447354768e-01
-1.701780635029133126e-01
-1.229233523024715335e-01
-1.602872237961214807e-01
-2.295315383610045945e-01
-2.072522762187531953e-01
-1.507678794996649696e-01
-2.736925660305231656e-01
-2.112627083922447024e-01
-2.200477914120535505e-01
-2.151648537488932700e-01
-2.711282796379310689e-01
