-3.139077507798795352e-01
-3.704598136734855718e-01
-2.734630961789354942e-01
-2.513887967547070446e-01
-4.095686282449184645e-01
-3.677721409506324868e-01
-3.681663043871057361e-01
-3.504148370778348287e-01
-3.077697863194799321e-01
-3.372597098643010938e-01
-2.932161015150305250e-01
-3.368527293854841620e-01
-2.943040472745068747e-01
-4.116101924497628239e-01
-3.512123182516186937e-01
-3.083727833271014962e-01
-2.395299306973976972e-01
-2.559541463358452340e-01
-3.777583212905697430e-01
-4.118051605444521535e-01
-3.414262516348480769e-01
-3.853658980089267327e-01
-3.259228644330967040e-01
-2.950032922300862559e-01
-3.489841293684736723e-01
-3.139233824734510847e-01
-3.136268785867970532e-01
-3.079446586347576176e-01
-3.686162578568912274e-01
-3.020363822211948879e-01
-2.595567038469361876e-01
-3.309555379380071383e-01
-2.690833666326692963e-01
-2.777488089577089259e-01
-3.336234654397065569e-01
-5.024834900251418102e-01
-3.832029775847169972e-01
-2.756247693949993582e-01
-3.320702514488993451e-01
-3.177551693329452309e-01
-3.447321954683695289e-01
-2.594455778139288515e-01
-2.617422668598954338e-01
-2.837173133481878384e-01
-2.062932171258335945e-01
-3.052710134392750962e-01
-2.304514808078914623e-01
-2.966529616904176603e-01
-3.305851339016734336e-01
-3.491379720632068473e-01
-2.460237877450062172e-01
-3.344698571749564753e-01
-3.117396480496470446e-01
-3.255432386944094869e-01
-3.467644557220592727e-01
-2.806260346623836721e-01
-3.582337494830261093e-01
-2.610490785047281381e-01
-3.199434982322304499e-01
-2.915972049231829732e-01
-2.851469559613184490e-01
-2.679126385459338344e-01
-3.342983190358199685e-01
-3.070763336067126037e-01
-2.822929682627717263e-01
-3.878532441322892765e-01
-3.153658114161284054e-01
-3.957286963748405384e-01
-3.286597712688155148e-01
-2.950689654064790890e-01
-3.138300190637164366e-01
-3.006465129363096178e-01
-3.470056214146524098e-01
-2.752978824257961143e-01
-3.699975205375491960e-01
-2.819396622189664914e-01
-2.856136487851743677e-01
-4.110170639766812517e-01
-3.721588583281494333e-01
-3.452071117488237917e-01
-2.780022747347230538e-01
-3.672857342093822641e-01
-3.267905549356890926e-01
-4.093045116786888649e-01
-3.522717764197491608e-01
-2.315270660673083292e-01
-2.963154224213047083e-01
-3.725615358097160712e-01
-2.698727430483718326e-01
-2.778034419007529010e-01
-2.241751357566528213e-01
-2.653862024875812686e-01
-3.673326547934321340e-01
-3.237369203178566135e-01
-3.088801616138061590e-01
-4.927722984600095835e-01
-3.469630987297216418e-01
-3.794564101683022272e-01
-3.576760735983486317e-01
-3.187287456948346698e-01
