9.778316622967835325e-01
9.779051962220789429e-01
9.779910325752146916e-01
9.780327234469734510e-01
9.780204638089018410e-01
9.778625800569820115e-01
9.779427232417158278e-01
9.779795277418594779e-01
9.779090038046138744e-01
9.782056871111813878e-01
9.782057039901759232e-01
9.777855497003276053e-01
9.779617156469753159e-01
9.778927911774872861e-01
9.778340322083235447e-01
9.779066522937417405e-01
9.778691662458662837e-01
9.779892835750965130e-01
9.780957194969696067e-01
9.777423155731999049e-01
9.778920247133977561e-01
9.779520088243911502e-01
9.781171324170490067e-01
9.778698429109460299e-01
9.779450624256559310e-01
9.779656601351449652e-01
9.779568297128558019e-01
9.781458616193285938e-01
9.778763352439601153e-01
9.777583290016675921e-01
9.780797905283887816e-01
9.779867221068382355e-01
9.778844555389852866e-01
9.780221304253833292e-01
9.777840498018072202e-01
9.778537310481618672e-01
9.781827736261197170e-01
9.780341282125657454e-01
9.779342132706423385e-01
9.781344677331681448e-01
9.780077567221475698e-01
9.777988223587049665e-01
9.778536771130761363e-01
9.780842054386835738e-01
9.781153102871831262e-01
9.779484019510820136e-01
9.776956330310921928e-01
9.778989593548552683e-01
9.779030611752955737e-01
9.778359275441538268e-01
9.780355936291572627e-01
9.780443354146788337e-01
9.779897163996065235e-01
9.782008710257016348e-01
9.779069452968910392e-01
9.778005255882531443e-01
9.780345331630677652e-01
9.780150305232190311e-01
9.778376690227299495e-01
9.780541564151996603e-01
9.778621396430898782e-01
9.779406603427875933e-01
9.780883167947160839e-01
9.778630415277671517e-01
9.778254969793744866e-01
9.779177643191719893e-01
9.780643714629374541e-01
9.781155154673296659e-01
9.779056478330931945e-01
9.780521086185143265e-01
9.781279963858033888e-01
9.778491216808721243e-01
9.779961793471989573e-01
9.779936274133705920e-01
9.778437699201277811e-01
9.778939706894539396e-01
9.779846201433751718e-01
9.780369381385147776e-01
9.778844308073834091e-01
9.780396548081158326e-01
9.779820827465189881e-01
9.779063850034976912e-01
9.780671415802381086e-01
9.780139016937919871e-01
9.780404112374568859e-01
9.781823906034597949e-01
9.778580165096411037e-01
9.779842247008133649e-01
9.779335017647499129e-01
9.779574373730144377e-01
9.779796755715961520e-01
9.781167363306035867e-01
9.778453064982527421e-01
9.778374695313257758e-01
9.782415124787265936e-01
9.779521003113538224e-01
9.779185924494621096e-01
9.778707724531516821e-01
9.778664182044142228e-01
9.781046298963652630e-01
