8.733852036680009867e-01
8.991888523450288773e-01
8.186435632471220636e-01
8.581267902967029126e-01
8.581267902967029126e-01
8.803444342304468373e-01
8.499427011431713863e-01
8.499427011431713863e-01
8.096615971986296234e-01
8.095779887680837339e-01
8.426475840257909855e-01
8.426475840257909855e-01
8.426475840257909855e-01
8.426475840257909855e-01
8.426475840257909855e-01
8.426475840257909855e-01
8.426475840257909855e-01
8.426475840257909855e-01
8.426475840257909855e-01
8.423182537495103039e-01
9.069973757917959567e-01
8.270264187385498733e-01
8.709739964672847945e-01
6.036558829573801521e-01
8.374708472662824033e-01
8.873167880272631036e-01
8.826196983693184173e-01
8.641144452790449071e-01
8.641144452790449071e-01
8.629515308116557648e-01
8.271224524534694922e-01
8.515790066151039950e-01
8.805831392323862916e-01
8.805831392323862916e-01
8.805831392323862916e-01
8.805831392323862916e-01
8.805831392323862916e-01
8.471342133115640216e-01
7.622172939684039861e-01
8.332759014297091982e-01
8.332759014297091982e-01
7.866033515019877909e-01
7.866033515019877909e-01
9.123645011070105060e-01
9.085003921619639877e-01
8.836085288050919972e-01
8.465561108604824359e-01
8.590411589788791158e-01
9.169927867559372059e-01
8.842172001297528006e-01
8.444868576609552147e-01
8.861856443302241759e-01
8.774285267447723413e-01
9.021250557304256734e-01
8.029812170116872316e-01
8.029812170116872316e-01
8.029812170116872316e-01
8.250504762618460219e-01
8.197696504244568194e-01
8.030160300848947497e-01
8.595046960701766547e-01
8.595046960701766547e-01
8.243939906952404417e-01
8.412540139491379021e-01
8.414393857408410948e-01
8.414393857408410948e-01
8.211036855468498707e-01
9.091575417345503229e-01
9.009527074913422640e-01
9.009527074913422640e-01
9.009527074913422640e-01
8.643373008676331626e-01
8.423130065283532808e-01
8.383578952970809350e-01
8.928455877693106668e-01
8.442225933279741135e-01
9.258164079125307255e-01
8.778893640561540312e-01
8.787234592006838430e-01
8.787234592006838430e-01
8.787234592006838430e-01
8.495807119613713043e-01
8.710604610391838865e-01
8.710604610391838865e-01
7.929931665774252458e-01
7.929931665774252458e-01
7.967221163424186292e-01
7.967221163424186292e-01
7.967221163424186292e-01
8.151519230345010136e-01
8.388234987586056235e-01
8.388234987586056235e-01
9.191154177909517387e-01
8.546261248079234374e-01
8.546261248079234374e-01
8.546261248079234374e-01
8.689574792366455691e-01
8.689574792366455691e-01
8.690487036471511439e-01
9.262678588100796695e-01
