4.545956699361290987e-01
4.508804344964477129e-01
4.590915036507808855e-01
4.624369791104967486e-01
4.411688312730266959e-01
4.486011481103248100e-01
4.573177773549074177e-01
4.038456728711160570e-01
4.114911517681997255e-01
4.047080715647324300e-01
3.969559071683265161e-01
3.979672179682701705e-01
3.944023647454206749e-01
4.045930999640654502e-01
3.930337875761977795e-01
3.949150454847058511e-01
3.966760796304049652e-01
4.011831831495479284e-01
4.107565952710962032e-01
4.424156350800282911e-01
4.490828139791354645e-01
4.541903140722568510e-01
4.558311971896024661e-01
4.544362521255385090e-01
4.476241974975502802e-01
4.701532831020559522e-01
4.606805290783876350e-01
4.509128466303061189e-01
4.584646945497208859e-01
4.563675204166194876e-01
4.364658237260025109e-01
3.929577930559612353e-01
3.959188199548039355e-01
3.967507803366939756e-01
3.972957567814964230e-01
3.874470296761147736e-01
4.043629419138664582e-01
3.958053723743090724e-01
3.963593664307324405e-01
3.948295496525098258e-01
3.932576167959322966e-01
4.132071056166823353e-01
4.054113039001743246e-01
4.436367721084156779e-01
4.526490740854830497e-01
4.510346846407196630e-01
4.513675267528055590e-01
4.408455054376146931e-01
4.433450614145911794e-01
4.489409472235482701e-01
4.584904823467373380e-01
4.476366597277454673e-01
4.488753583896629706e-01
4.522345656355759025e-01
4.542567183640528472e-01
4.009870964007256067e-01
3.900203898274140490e-01
4.011868678968891766e-01
4.054387635938406231e-01
3.988288579632528474e-01
3.901442778497675734e-01
4.148492295712807865e-01
4.096648791939351275e-01
4.014668883747343209e-01
4.042865921843411536e-01
4.025766894605671276e-01
3.967147388558054377e-01
4.343715100670176854e-01
4.558677554446204372e-01
4.495371526099890547e-01
4.492302152467059773e-01
4.541318951688585459e-01
4.488512769572359229e-01
4.381656909536385536e-01
4.503367707558815214e-01
4.519595347240490946e-01
4.533023264201755387e-01
4.501032462075644225e-01
4.528148625197619959e-01
3.992606265727984827e-01
3.991226108601549916e-01
4.054489065707920226e-01
4.042345746003753182e-01
3.864843816294577517e-01
4.039540690356370201e-01
3.914754600519027017e-01
4.125152847706863302e-01
3.988304497518189162e-01
4.058755215641376979e-01
4.034600200203835030e-01
3.925358086009748115e-01
4.393182796575010318e-01
4.574375285270550484e-01
4.521477555695332384e-01
4.602760021867364770e-01
4.500154801860344889e-01
4.461318761942977829e-01
4.522865169030119148e-01
4.470800151900239383e-01
4.578718925750852597e-01
