4.714885112510112108e-01
4.740276071178081141e-01
5.021306486908093669e-01
4.978343603054502520e-01
4.613063591221477910e-01
4.816524237745101744e-01
4.672703020761627135e-01
4.147924342592306246e-01
4.194835936469687443e-01
3.636417976444288325e-01
4.084734528931996955e-01
3.697056055765642890e-01
3.757282078039090312e-01
3.926965173562607658e-01
3.891304717031263682e-01
4.154723806386909080e-01
3.843420901671863454e-01
3.927902619452554034e-01
3.742666835832708094e-01
4.831086391390473356e-01
4.725688364832186794e-01
4.588256557316143236e-01
4.788586480140366586e-01
4.704109349654623240e-01
5.055918967840458134e-01
4.686016425849911515e-01
4.715833992069551339e-01
4.606622865143968903e-01
4.672180318113690056e-01
4.950618161988776800e-01
4.575227053565157909e-01
3.974277326995279136e-01
4.330457988777092204e-01
4.158570638373907391e-01
4.066519175188680335e-01
4.238735255807287716e-01
4.102795315571685641e-01
4.261638519045461981e-01
4.034735364771143695e-01
3.987560974555517390e-01
4.208811866594006634e-01
4.345517628670089172e-01
3.886756123539359953e-01
4.691752438949491899e-01
4.576492827649910056e-01
4.884575004798109021e-01
4.983893290308996082e-01
4.621611956021368650e-01
4.754693891638015479e-01
4.723081309145888418e-01
4.556165051154983381e-01
4.713584575787085340e-01
4.675207812160602217e-01
4.904027682786883391e-01
4.796186945718482475e-01
3.846358991736167354e-01
3.773867606656982066e-01
4.105771361238186312e-01
3.921288048283232408e-01
4.196883743166912595e-01
4.151913695407192240e-01
4.126645325581492774e-01
3.773760883812988798e-01
4.050133079082066656e-01
4.521884128168190964e-01
4.008749933946428312e-01
3.775740448607104449e-01
4.917177842139291988e-01
4.957394112160984356e-01
4.825372539858610033e-01
4.804382576761295764e-01
4.437489929700258462e-01
4.990662037126721295e-01
4.870817915200409964e-01
4.662775391680981096e-01
4.852668300231119947e-01
4.650119711117701726e-01
4.922930014225078699e-01
4.633692336690421465e-01
3.765641445326112779e-01
3.567085952114594782e-01
4.131125556440916058e-01
4.074017602400002991e-01
4.204395128919389268e-01
4.088291421602431308e-01
3.854995631570848902e-01
4.182822700617585543e-01
4.235823729430986395e-01
3.480853817115482363e-01
4.021212758936192344e-01
3.839388665009633161e-01
5.074091218587828411e-01
4.909487590814346492e-01
4.776285756007500605e-01
4.602972671501825985e-01
4.911630176586375129e-01
4.705572036196728480e-01
4.757462129084883418e-01
4.769691120951627950e-01
4.904206626554597492e-01
