4.610303479354119216e-01
4.718269133948934657e-01
4.663661359894346603e-01
4.677258143172152161e-01
4.599490804640079533e-01
4.465430531218579357e-01
4.644130639212205036e-01
3.860629854890453849e-01
3.930807879837299179e-01
3.969739949907991061e-01
4.010377171091636939e-01
4.086240536432041437e-01
4.184776646106040943e-01
4.034373848195234036e-01
3.833872012701623477e-01
3.813550760328476286e-01
3.988667445446982818e-01
3.867489087397656955e-01
4.043159666259741325e-01
4.478640403415837246e-01
4.794840421431286748e-01
4.660415644639654964e-01
4.717162686918950909e-01
4.498652965390783076e-01
4.573260206018286977e-01
4.587483879016681643e-01
4.764986143357945458e-01
4.652681813319605175e-01
4.687895472825691634e-01
4.610456520895170884e-01
4.627978046694403158e-01
3.920206439758856520e-01
4.044446904936457310e-01
4.083638116654060291e-01
3.874832543780338812e-01
3.917271607641316100e-01
3.926080483171327518e-01
3.827721890859880349e-01
3.914677348186541561e-01
4.151904994450191788e-01
4.096821022395087386e-01
4.087661900501122769e-01
3.926302208429754970e-01
4.700520785946856739e-01
4.713253843971255685e-01
4.494772498451252707e-01
4.645798176383936218e-01
4.669983065441304371e-01
4.618765144523325761e-01
4.549832581492991856e-01
4.781892010541694549e-01
4.493811525325014933e-01
4.705813585038574054e-01
4.660401076211999616e-01
4.679066308288956089e-01
3.968887869033262961e-01
3.890378283678437299e-01
3.838120374331152052e-01
4.105601873091246912e-01
3.984961199057937553e-01
3.904873859056868235e-01
4.039138957536608232e-01
3.779935167538377438e-01
4.112792881110160503e-01
3.980341227221043665e-01
3.890557505719114406e-01
3.969207653517018430e-01
4.649783203783194319e-01
4.501715913885776521e-01
4.712607166938516112e-01
4.790501873429611202e-01
4.433229577689413170e-01
4.770124605817346874e-01
4.819911315280498432e-01
4.712457833725590128e-01
4.628669102376742894e-01
4.566523819557443131e-01
4.645477004783921671e-01
4.804295280208099594e-01
4.101843885626785813e-01
3.975003812484142474e-01
4.067701567961053422e-01
4.089825103942826834e-01
4.057097857102783811e-01
4.061675008337497506e-01
3.959397453217430307e-01
4.108532390072977547e-01
3.953601214566898614e-01
4.065487394650252884e-01
4.046427476063820805e-01
4.161510470794038685e-01
4.521925630477348079e-01
4.460975781439931453e-01
4.621604366787726570e-01
4.571595601080082338e-01
4.811711322661339496e-01
4.749349800612230887e-01
4.617422541006460102e-01
4.540789359080656395e-01
4.655861967601417351e-01
