8.051855290173954849e-01
7.675777133161357790e-01
7.070289192318747196e-01
7.963586998294805985e-01
8.337670652500234203e-01
7.601073853422374293e-01
8.433069938071915406e-01
8.003763939781851633e-01
8.439143761135169397e-01
8.380102989547020265e-01
8.552555621786428475e-01
8.552555621786428475e-01
7.974844136651061399e-01
8.336776570634744088e-01
8.548226986416125328e-01
8.368930737817548149e-01
8.586141654596524120e-01
8.258961803379037958e-01
8.579513793309559988e-01
8.016112364870775497e-01
8.009523470408405066e-01
7.875321391264133997e-01
8.084838980117885487e-01
7.641224212376241942e-01
7.801753643082617318e-01
8.206271689217774501e-01
8.194718302641810226e-01
7.689395407463193166e-01
8.383013911811246777e-01
7.472661340131241392e-01
7.548551376796188705e-01
8.488934624336821333e-01
8.290619713457759721e-01
7.707918234524184786e-01
8.146673151401185864e-01
8.113683674132011747e-01
8.477911319889939179e-01
8.108392935430945858e-01
8.504301843040504849e-01
7.732621571231443891e-01
8.043983769673741513e-01
8.382003490477089036e-01
7.952656284886807647e-01
7.630374565729006742e-01
8.195053519596158242e-01
8.340788482936360992e-01
8.510453868890934803e-01
8.332093642514064591e-01
8.297149639105378949e-01
7.588880011605929621e-01
7.650234239543309833e-01
8.359006724162272306e-01
8.360624084131942357e-01
7.947287025990078524e-01
7.771879707980224872e-01
8.344100984429377865e-01
8.005851183189588438e-01
8.170138575709438022e-01
8.374850673688362113e-01
8.168407742492278523e-01
8.058655597079730226e-01
8.464051953099080983e-01
8.247657627966278326e-01
8.581276215505995175e-01
8.230226914656095794e-01
7.979326618379649627e-01
7.805702481701377593e-01
7.801289011207671598e-01
7.875395986949899063e-01
8.069283728994585125e-01
7.550624926964424333e-01
7.911051330333226383e-01
7.653379449847665938e-01
7.819107599468906322e-01
8.346245970211173537e-01
8.254627607339820594e-01
7.643718514296946598e-01
8.550211021460822902e-01
7.708128357704281397e-01
8.417309341567975611e-01
8.233315682015189818e-01
8.501013106453902957e-01
8.432558660241096238e-01
8.229478638188859607e-01
7.810626767942381310e-01
8.490266801605966807e-01
8.560564050083440124e-01
8.605750235383458069e-01
8.162752413659143391e-01
8.025320205912052085e-01
7.632656215074015149e-01
8.058322803590506345e-01
8.002878284317229696e-01
7.480170524328344506e-01
7.969260155826842773e-01
8.259874142927149387e-01
7.329766134310057302e-01
8.184561189725758634e-01
7.805015492792979348e-01
8.299211116765337071e-01
