-3.880157651013496078e-01
-3.204777673621874712e-01
-3.844565095020524570e-01
-3.036216575030021847e-01
-3.518566041979420689e-01
-3.065245212587599521e-01
-3.149708124156413991e-01
-4.053969119916720487e-01
-3.060669563715447961e-01
-4.005400416316653445e-01
-3.405194705868541671e-01
-3.687722316802490852e-01
-3.812823626755132977e-01
-3.275445443133473411e-01
-3.716432077644606924e-01
-3.543116227780778171e-01
-3.357063844214409620e-01
-4.273085865499377523e-01
-4.334480918583545339e-01
-2.874939877823849965e-01
-3.414934709627528431e-01
-2.769598371354815569e-01
-3.162769099250613003e-01
-2.970141802351800031e-01
-3.754607330504873275e-01
-4.244835919715501671e-01
-3.399755267082542609e-01
-3.377420039851231071e-01
-3.662371464176079616e-01
-4.354566696778567891e-01
-3.709504041400562002e-01
-3.266522317564790612e-01
-3.121958092601431201e-01
-3.839960987315382823e-01
-3.579139501351618069e-01
-3.279872160485877153e-01
-3.235763445196080390e-01
-3.614318590923952801e-01
-2.925778218778305462e-01
-3.425928894353960086e-01
-3.158322536023372429e-01
-2.820209140368241663e-01
-3.097433727114986546e-01
-2.971515112203002573e-01
-3.093523919128631228e-01
-3.688741196660458854e-01
-3.043513399210031611e-01
-3.558368908089315497e-01
-3.516210203598388873e-01
-3.673589920431477029e-01
-4.060533233186707225e-01
-3.811665785285709429e-01
-3.192109523009218908e-01
-3.995632427828752498e-01
-3.850670315629856066e-01
-3.603882614793039174e-01
-4.102290704217461670e-01
-2.731472515204804719e-01
-2.870299819789616791e-01
-2.898740433743378642e-01
-3.838853983825083471e-01
-3.389540562448360994e-01
-2.925410590758705798e-01
-3.424809268860991018e-01
-2.957424136482524890e-01
-2.788599471960677700e-01
-4.155027427220785441e-01
-4.463585948007580129e-01
-4.850805780813201018e-01
-3.313587704701497216e-01
-2.858292411628156060e-01
-2.793570432712113583e-01
-3.075657447415920398e-01
-3.224872708416055556e-01
-2.998617935148226721e-01
-4.083157441507601071e-01
-4.023419462562807247e-01
-3.856856496225817832e-01
-2.434135966381145710e-01
-3.908920109494795625e-01
-3.326106944584563685e-01
-4.140397411451652854e-01
-3.798963087499314106e-01
-2.819815133603220669e-01
-3.147294056697131914e-01
-3.196599449561938755e-01
-3.058770916581994292e-01
-3.542278632305595476e-01
-3.754243798767085138e-01
-4.389295641872352771e-01
-4.006446961863889822e-01
-3.168800318245774683e-01
-4.518332921545271663e-01
-4.278397692736406466e-01
-3.646254661597749802e-01
-3.849917222833840746e-01
-4.194474733136224209e-01
-3.410169899573298746e-01
-3.207626832582775034e-01
-3.129987992671459107e-01
