4.661209711022821223e-01
4.291937048072996808e-01
4.810032166133894060e-01
4.279644797943403800e-01
4.750364887789390034e-01
4.465871584455785026e-01
4.404229466453368214e-01
4.009425673684198221e-01
3.989250655128105949e-01
4.303715136107705286e-01
4.214496866096537619e-01
3.935833772785821694e-01
3.931508558940592923e-01
3.825836977411741224e-01
3.957529267297329456e-01
4.064570545641855159e-01
3.835810537071366322e-01
3.979756796418649212e-01
4.025147290524339061e-01
4.414283561875855799e-01
4.562466347167440928e-01
4.558004054628387314e-01
4.598695399568607511e-01
4.597241293766346493e-01
4.458730360744364574e-01
4.498204737087018734e-01
4.541602638306508899e-01
4.409942710339693761e-01
4.132623097919694288e-01
4.390073603257246271e-01
4.502127685185470241e-01
3.745975444164231782e-01
3.871647658024067740e-01
3.903721575797496346e-01
3.839200044360954744e-01
3.657925765232687976e-01
3.743201839826137967e-01
4.024543140572724997e-01
4.001371790678635021e-01
3.916449479463309791e-01
3.963275339472792647e-01
3.856943532121419604e-01
3.899406360001590466e-01
4.346228355698444346e-01
4.426977363586998560e-01
4.390190845096849648e-01
4.453757280746736269e-01
4.346122966200227089e-01
4.369350317095812564e-01
4.332427064585552268e-01
4.706974921104244425e-01
4.702902711409048253e-01
4.560309815857665483e-01
4.515236684659412747e-01
4.423715740949568098e-01
4.168863410653828594e-01
4.122863732072505338e-01
4.003161731739264817e-01
4.048965150187622264e-01
3.879010138588618872e-01
3.997390470735920909e-01
4.070829148173432110e-01
3.757252422984241891e-01
3.859398762773228464e-01
4.175342534819448392e-01
4.006015101747292251e-01
3.862797944623838076e-01
4.432699500689490923e-01
4.036171912634588521e-01
4.657969531343155167e-01
4.478531305430263343e-01
4.372466764336261358e-01
4.220205816423137635e-01
4.292228191498534406e-01
4.479799105679999061e-01
4.543358032490789622e-01
4.063249843053630128e-01
4.479267775204791024e-01
4.417002870178511342e-01
3.918935868391978383e-01
3.681310047006985386e-01
4.152546289319077322e-01
3.907400096924337207e-01
4.016515884223105792e-01
4.019557053986905215e-01
4.155065913758342333e-01
3.673752081141514747e-01
3.973907700694166989e-01
4.012381402277205300e-01
3.885465770352104498e-01
4.243201465786604620e-01
4.436999285037680485e-01
4.758966217765981943e-01
4.378783951908419292e-01
4.342781441413584020e-01
4.433842815515749991e-01
4.445954036094898476e-01
4.342838762469203306e-01
4.300535075099279347e-01
4.293990792167208803e-01
