-1.946905818835040769e-01
-2.458396460392193728e-01
-3.441462426691757059e-01
-2.072687543466738003e-01
-2.347707276310746494e-01
-2.355688389992076637e-01
-2.038749576388334539e-01
-2.494415703503964910e-01
-2.309644460389750353e-01
-2.210951150729278947e-01
-1.578962854189975840e-01
-1.851688345316930828e-01
-2.591080938494148000e-01
-2.060498829073711402e-01
-1.799852367288461430e-01
-1.830008802543368063e-01
-1.543948478783725431e-01
-2.005607466720562559e-01
-1.897908703486399506e-01
-2.441520421045120237e-01
-3.246145333592700410e-01
-2.933991234294535122e-01
-2.479958208298174149e-01
-2.290754327296908865e-01
-2.153323304810150773e-01
-2.481204232002676147e-01
-2.487080241327714880e-01
-2.642468343919459617e-01
-2.608558319156228933e-01
-2.946202024649100526e-01
-3.554852391471483575e-01
-1.826151302693348466e-01
-1.863104994019562088e-01
-1.587779154400084103e-01
-2.013483539273699385e-01
-2.437135958782015166e-01
-2.326225244678565840e-01
-2.045870902490392051e-01
-2.154333829152506041e-01
-1.794277711081495585e-01
-1.997339957471113703e-01
-1.662529184781607050e-01
-2.365873209944249211e-01
-2.714437486187939452e-01
-2.172133076649027661e-01
-2.257000492230363253e-01
-2.473095849576238958e-01
-2.302468749827006889e-01
-2.326242846065917913e-01
-2.043530758643954393e-01
-2.761950474141452450e-01
-2.393026236904307602e-01
-1.862585233987787969e-01
-2.612919008395384601e-01
-2.449060097094639676e-01
-2.531376852728570714e-01
-2.659796899469841769e-01
-2.226107270141526318e-01
-2.300165013143367077e-01
-2.689281973494319633e-01
-2.517971195076946778e-01
-1.946818534683958379e-01
-2.417357993115811787e-01
-1.799945613952802503e-01
-1.711711954355394916e-01
-2.171135063178055713e-01
-2.883821753442963320e-01
-2.934308749966336727e-01
-2.238322142274224991e-01
-2.480861395601607899e-01
-2.821493836256852017e-01
-1.695625801303828339e-01
-1.682015244652432795e-01
-2.600746012047459033e-01
-2.454319975876237958e-01
-2.458669186929749451e-01
-2.212451438163525186e-01
-2.676789313534118087e-01
-3.282828193216493773e-01
-2.657976908491688217e-01
-2.198454935874136762e-01
-2.759113939855026842e-01
-2.394248814036672446e-01
-1.553436736524960171e-01
-2.787934968231184918e-01
-2.421169296273693039e-01
-2.086190838986128337e-01
-2.124916963679097659e-01
-2.566749443355627047e-01
-1.735399090389808663e-01
-2.800728260600406916e-01
-2.001191221147533561e-01
-2.810237895682428100e-01
-2.806619958682621263e-01
-3.039368342627595254e-01
-2.352815317308492027e-01
-2.399365784736327001e-01
-3.198559991321832108e-01
-2.136443972490764676e-01
-2.377193527119541017e-01
