9.750108822253916729e-01
9.269952781118014906e-01
9.572558897870583339e-01
9.301649896455315147e-01
9.176363606555243413e-01
9.589882483083261855e-01
9.390036543456460327e-01
8.984293757819290516e-01
9.563676639741628405e-01
9.470598094035238557e-01
9.228450766715469156e-01
9.138034823170779752e-01
9.629057203001382126e-01
8.879347673349112791e-01
8.963948467200999470e-01
9.415730129603466780e-01
9.110235519126764769e-01
9.155393586499966929e-01
9.079882563728546296e-01
9.642492439144889627e-01
9.302161181675657753e-01
9.472939559472561832e-01
9.579485646919815300e-01
9.396939796535073164e-01
9.215873392079040327e-01
9.070564796478263192e-01
9.128852173229151656e-01
9.614224637270605278e-01
8.940011094042932260e-01
9.423284273504648478e-01
9.508590196919173287e-01
9.232263866162120358e-01
9.265805890648703969e-01
9.436997071839838824e-01
8.802482328752797569e-01
9.363877979297045018e-01
9.365801920772156564e-01
9.206355758501043596e-01
9.406662639467331388e-01
9.085402293088070680e-01
9.497246975014012049e-01
9.589190220180519031e-01
9.341002389641755999e-01
9.155287211214132581e-01
9.485896379224990627e-01
9.601180881057886918e-01
9.496560230040049788e-01
9.293396350293244845e-01
9.412355613151028866e-01
9.262726625528139301e-01
9.136644701209941655e-01
8.999904885221425843e-01
9.336291598739016040e-01
9.254570325957606203e-01
9.342146692668972241e-01
9.646838240926864927e-01
9.204824611382798061e-01
9.157479932355646612e-01
9.284962447142837139e-01
9.302987287216931689e-01
9.050842100254803402e-01
9.294953287659927232e-01
9.068315133025434127e-01
9.447535385811314246e-01
9.010459265599091161e-01
9.468418842930291790e-01
9.218739813246656922e-01
9.290876415796442966e-01
9.591678059643989895e-01
9.039999113868218972e-01
9.728997918474295847e-01
9.489493057795269637e-01
9.438026606372922345e-01
9.285155309189268014e-01
9.260868899641189200e-01
9.425005417794901641e-01
9.243636364158152041e-01
9.236015274669827635e-01
9.462843660140681790e-01
9.003938732587867255e-01
9.020244832175896565e-01
9.631667576337400449e-01
9.316036569667199840e-01
9.148672293727263538e-01
9.564140826427514064e-01
9.450235236533587324e-01
9.346180324851270926e-01
9.478678255514235707e-01
9.352803537252569743e-01
9.059057523353039043e-01
9.043653084673261011e-01
9.337953328021810773e-01
9.451921709632177260e-01
9.575260770174174318e-01
9.316191744584110257e-01
9.132488443649927623e-01
9.540496059063452439e-01
9.393441098996233585e-01
8.863642929405577409e-01
9.304532451471222432e-01
