0.000000000000000000e+00
0.000000000000000000e+00
0.000000000000000000e+00
0.000000000000000000e+00
0.000000000000000000e+00
0.000000000000000000e+00
0.000000000000000000e+00
0.000000000000000000e+00
0.000000000000000000e+00
0.000000000000000000e+00
0.000000000000000000e+00
0.000000000000000000e+00
0.000000000000000000e+00
0.000000000000000000e+00
0.000000000000000000e+00
0.000000000000000000e+00
0.000000000000000000e+00
0.000000000000000000e+00
0.000000000000000000e+00
0.000000000000000000e+00
4.542497885201326469e-01
4.542497885201326469e-01
4.542497885201326469e-01
4.380656661863168155e-01
4.517801832875736889e-01
4.517801832875736889e-01
4.517801832875736889e-01
4.454472773798598406e-01
4.454472773798598406e-01
4.454472773798598406e-01
4.454472773798598406e-01
4.454472773798598406e-01
4.454472773798598406e-01
4.454472773798598406e-01
4.454472773798598406e-01
4.454472773798598406e-01
4.454472773798598406e-01
4.454472773798598406e-01
4.454472773798598406e-01
4.454472773798598406e-01
4.454472773798598406e-01
4.454472773798598406e-01
4.454472773798598406e-01
4.454472773798598406e-01
4.454472773798598406e-01
4.449605953155426619e-01
4.449605953155426619e-01
4.449605953155426619e-01
4.449605953155426619e-01
4.449605953155426619e-01
4.449605953155426619e-01
4.449605953155426619e-01
4.449605953155426619e-01
4.449605953155426619e-01
4.529426738386329587e-01
4.529426738386329587e-01
4.529426738386329587e-01
4.529426738386329587e-01
4.529426738386329587e-01
4.529426738386329587e-01
4.529426738386329587e-01
4.529426738386329587e-01
4.529426738386329587e-01
4.529426738386329587e-01
4.529426738386329587e-01
4.529426738386329587e-01
4.529426738386329587e-01
4.529426738386329587e-01
4.529426738386329587e-01
4.529426738386329587e-01
4.529426738386329587e-01
4.529426738386329587e-01
4.529426738386329587e-01
4.529426738386329587e-01
4.529426738386329587e-01
4.704420160459781841e-01
4.704420160459781841e-01
4.704420160459781841e-01
4.704420160459781841e-01
4.704420160459781841e-01
4.704420160459781841e-01
4.704420160459781841e-01
4.704420160459781841e-01
4.704420160459781841e-01
4.704420160459781841e-01
4.704420160459781841e-01
4.704420160459781841e-01
4.704420160459781841e-01
4.704420160459781841e-01
4.704420160459781841e-01
4.704420160459781841e-01
4.484265925098849248e-01
4.443013607534594955e-01
4.443013607534594955e-01
4.443013607534594955e-01
4.443013607534594955e-01
4.443013607534594955e-01
4.443013607534594955e-01
4.443013607534594955e-01
4.443013607534594955e-01
