4.683166489870743132e-01
4.642971383703719535e-01
4.821582221760513653e-01
4.589705718326678729e-01
4.508525468331446850e-01
4.727411579712568201e-01
4.461404914322603665e-01
3.904971432040031942e-01
3.988393583799479947e-01
4.010587948835783179e-01
3.848880502500993117e-01
3.779439941625236665e-01
4.085704638607012829e-01
4.274475667518659039e-01
3.892154970227530431e-01
3.988738939262255756e-01
4.152709570618793311e-01
4.129228815954771870e-01
3.946645251576531566e-01
4.875453346888012907e-01
4.787572968427611375e-01
4.504043662081841926e-01
4.699873326568269061e-01
4.579360495262465025e-01
4.735455684949441690e-01
4.657826227226722349e-01
4.636659447465111827e-01
4.628794919196346225e-01
4.680822053826022566e-01
4.823084127500180118e-01
4.744915916941466749e-01
3.793661142143188725e-01
3.882537733564002114e-01
4.042824178501355226e-01
4.002877832845104233e-01
4.066109906687574993e-01
3.939370607530379709e-01
3.978658816799264253e-01
3.972570096927737771e-01
3.769126856822555549e-01
4.163530757590232501e-01
3.809302761680309901e-01
3.868359629181707948e-01
4.668962105022260722e-01
4.682874196061516114e-01
4.653026315217213549e-01
4.738008212183626999e-01
4.658507825119928558e-01
4.686449188416716982e-01
4.661437220973589368e-01
4.621712016531063227e-01
4.623557945900996780e-01
4.639378295355172654e-01
4.568178595222438521e-01
4.878137809840430994e-01
3.988493199359329777e-01
3.941178814199184366e-01
3.896438930020042490e-01
3.998688853565426360e-01
4.094462482281465698e-01
3.922511448952687996e-01
4.002638976811828675e-01
4.014966246524365179e-01
3.938062568843103683e-01
3.943959125572108482e-01
3.974802956692786160e-01
4.100730956458699117e-01
4.480003180128992457e-01
4.752221412029439263e-01
4.559455381263575191e-01
4.671820982087669383e-01
4.578688794341242430e-01
4.582330185151243795e-01
4.635367692204716006e-01
4.620287436048291507e-01
4.749498444315836121e-01
4.640292977630799953e-01
4.397068666206618293e-01
4.857226145275644891e-01
4.107301695277324471e-01
3.802648633199956496e-01
3.959146314125364108e-01
3.978719887247854081e-01
4.133075154894386705e-01
4.162002761406498053e-01
4.015623587933755401e-01
3.895502264886053778e-01
3.850705826073739235e-01
3.949112382854862435e-01
3.843002678479324752e-01
4.162665186118778005e-01
4.581983652926320261e-01
4.754983673320422044e-01
4.608053821110728587e-01
4.703321838888924744e-01
4.814998898864041310e-01
4.715227806705295510e-01
4.570667561253083377e-01
4.682777976849379908e-01
4.507545852668149444e-01
