6.890051733139764822e-01
7.019405324898091436e-01
7.135103982653673294e-01
7.576086710887627307e-01
6.470377404654084064e-01
6.682494058910479762e-01
6.371305713736366005e-01
6.861671375351953150e-01
7.034905894169072305e-01
6.379697982211799401e-01
7.648223779556051483e-01
7.064154950599645932e-01
7.165158763006613807e-01
7.102419845892954386e-01
7.613374421643382961e-01
7.553007150972514960e-01
6.442263260360374666e-01
6.327942014262207815e-01
6.908155040982040251e-01
6.679807509992217174e-01
7.343961463769865805e-01
7.319140716006424796e-01
6.493305465514156438e-01
7.470133959659134293e-01
5.946332126701010523e-01
6.933278740552740738e-01
7.181660857904059725e-01
7.432751130859391875e-01
5.974105422063444859e-01
7.139910227501118367e-01
7.092623094450327681e-01
7.092359414467304113e-01
6.349228495303842479e-01
7.727293707234457187e-01
7.880479319390930604e-01
7.606833017299792221e-01
6.760605275540818582e-01
7.564255714437556621e-01
6.985987149684582675e-01
6.397170177927220536e-01
7.169236056545453817e-01
7.347620398574747913e-01
7.366753137570842824e-01
6.370903014609188286e-01
7.258027663325248291e-01
6.543547312823299045e-01
6.421671049131932874e-01
7.014083915984434814e-01
7.606356887580073556e-01
6.181266325857837085e-01
5.929685015021426420e-01
6.934425316292675001e-01
7.421911912149284918e-01
7.293497052813825432e-01
7.042589947554485086e-01
6.839322025234246816e-01
6.860325343142635868e-01
7.474940950854475075e-01
5.906848045225285837e-01
6.713179638933683968e-01
7.450213999134348564e-01
6.278317864317884966e-01
6.714673221885020249e-01
6.208485698617751680e-01
7.152225205431466115e-01
6.893131329335553392e-01
7.626051722695073032e-01
7.397891957646107741e-01
7.255834738224531399e-01
6.303116743099750341e-01
6.729797261984322709e-01
7.247590960011098815e-01
6.361770670718691623e-01
6.064238763069159655e-01
6.651745653766125699e-01
6.859738140549772600e-01
7.006189434177010344e-01
6.446956818320370708e-01
7.174073050503597671e-01
7.464393547107188720e-01
7.700048268724408729e-01
6.783785027902313747e-01
6.871030977975949305e-01
7.042767690958708915e-01
6.564455811819794873e-01
7.082966503205915254e-01
6.614401562616777364e-01
7.473985525216780834e-01
6.866333749102395689e-01
7.282464840658342542e-01
7.032233763862014708e-01
7.031359177837086527e-01
7.453820716555070724e-01
6.678650175802248734e-01
7.440153160114274522e-01
7.009919535641289112e-01
6.785661338106433460e-01
7.130634146655725480e-01
6.750285479275233147e-01
7.476623893731465520e-01
