4.957563221464729164e-01
4.863991791271382592e-01
4.755670747877153159e-01
4.716122116700378619e-01
4.661850597795008100e-01
4.793537740264178226e-01
4.793968521403417782e-01
4.223342228214693739e-01
4.053857703905179299e-01
3.964365817082813326e-01
3.912084911181459290e-01
3.719910940125088494e-01
3.831658674059872371e-01
4.047912914981973698e-01
4.170838121923111097e-01
3.743526580280683858e-01
4.001978766922376085e-01
3.786910988423470847e-01
4.046895653703328488e-01
4.745516159347594742e-01
4.746022207406083160e-01
4.909625105769528375e-01
4.894906344808129250e-01
4.894906344808129250e-01
4.766044919348365605e-01
4.845935457440719851e-01
4.710333788929774168e-01
4.734302567812739282e-01
4.681260258769220917e-01
4.583551608818073331e-01
4.723569946513709317e-01
4.335761204838276539e-01
3.720503552941182845e-01
3.989342022563427959e-01
3.813811782537011030e-01
3.890510099455249948e-01
3.789575485023896073e-01
3.951451017598918147e-01
4.183368220018474637e-01
3.997034241175905223e-01
4.270036734262047107e-01
4.342643998482851875e-01
4.000135184442196734e-01
4.701080906616606492e-01
5.053076239028817529e-01
4.798700285806632437e-01
4.889653356913916671e-01
4.881829431640740680e-01
4.971254859723633346e-01
4.705936210923597485e-01
4.850391349553210274e-01
4.873766244428460737e-01
4.768656160794346732e-01
4.937317517618745599e-01
4.826331851596982192e-01
4.143763076271120838e-01
3.925933181710651310e-01
4.132841521026237031e-01
3.956166072185878235e-01
4.124761842390973765e-01
4.079435194043433688e-01
3.819462865425264919e-01
4.084056972760622406e-01
4.003280538875813033e-01
4.241225910019376100e-01
3.820199889559489081e-01
4.115429323543948747e-01
4.877337668030404250e-01
4.828233125082866950e-01
4.749392519289621917e-01
4.878302553973817290e-01
4.857886455104368784e-01
4.845619977670331258e-01
4.697490590963470658e-01
4.880398771118178991e-01
4.954563122087875526e-01
4.844215569613585792e-01
4.762629340892545748e-01
4.747186075703863639e-01
4.067742613371359006e-01
3.852600983259579781e-01
4.090020776210249176e-01
3.904562100768833033e-01
3.892132283649934466e-01
4.024081089334622385e-01
3.958558345149112423e-01
4.157447777498168295e-01
3.960414174198036985e-01
3.992488704507914932e-01
4.053051624862472613e-01
4.043663543631624835e-01
4.856544599868501955e-01
4.535244733776548909e-01
4.951439391058440331e-01
4.892516541359911431e-01
4.892516541359911431e-01
4.934874493817446583e-01
4.710176619554656274e-01
4.835426323620718447e-01
4.716615496904393856e-01
