7.338578883529345287e-01
7.111027445966866534e-01
6.283211746351515803e-01
7.083342045755547378e-01
7.077107404896301190e-01
7.630817139074892452e-01
6.928506151490639864e-01
6.768666616807628156e-01
5.779813379661082884e-01
5.779813379661082884e-01
7.206534772003018174e-01
6.891209920413647882e-01
6.629934988501213766e-01
7.379031387278782717e-01
6.181940232328887452e-01
6.804158178220172104e-01
6.560774406564175987e-01
5.873382255595509527e-01
5.633892167970389053e-01
7.281002800125158103e-01
6.946615695945833613e-01
6.652131144155012388e-01
7.061346941311263947e-01
6.089041184295747033e-01
7.153772197023692270e-01
6.906744021168558234e-01
6.801608841395196947e-01
7.011613260248351631e-01
6.879348631206336773e-01
6.736055904298018371e-01
7.250012111855486108e-01
7.046972321432019015e-01
6.600989252885085534e-01
6.136013256304200247e-01
6.144137285576738439e-01
6.533266678973866926e-01
6.573841465639425063e-01
7.311402986449717645e-01
6.785340245189923625e-01
6.717817413814690664e-01
6.599351111854034890e-01
6.454316542797835510e-01
6.298822913714801075e-01
6.919906105122697326e-01
6.476442280653136319e-01
7.006359169155012001e-01
7.175315784290865473e-01
6.712669108988775779e-01
7.237501833165909115e-01
7.187358606776816927e-01
5.628571024003641288e-01
6.267891580570051913e-01
6.715058021029456370e-01
6.945855295126368567e-01
6.531760895972240633e-01
6.855353889054791594e-01
5.392572597415898894e-01
5.688064700949346797e-01
7.309212227175431176e-01
7.250567376542614850e-01
6.275526541387936863e-01
7.468136510415996909e-01
6.311390668327202524e-01
6.061049972903727046e-01
7.033939447912357368e-01
6.383227846184079679e-01
6.184045587837088132e-01
6.794644838022089184e-01
7.284419066314761215e-01
6.562209590485919009e-01
7.194901709288422653e-01
6.451863412232680117e-01
6.368672401885369094e-01
6.437180391131922530e-01
6.999371197227766128e-01
7.139005973347373191e-01
6.295451590458945867e-01
7.386419376662382019e-01
6.021727784719601573e-01
6.543867970004684231e-01
6.619580464210095272e-01
7.393749253038049973e-01
5.930619493613362714e-01
2.952274816942112023e-01
6.700702926495489820e-01
5.721707432147222772e-01
6.168212509534517496e-01
6.484191783236460394e-01
6.699141084538307034e-01
7.275951532774527220e-01
7.272125931457102954e-01
6.429720587443146229e-01
5.455123190478952111e-01
7.349909408171541036e-01
6.214503536321602795e-01
6.655681812844946865e-01
6.803552901013416587e-01
6.491013619778349675e-01
6.579290251429796843e-01
5.811178438558162185e-01
