4.520763342702721066e-01
4.615372804924169903e-01
4.598812825483819533e-01
4.603572965734344380e-01
4.733864864712709619e-01
4.700799843449676718e-01
4.650768776769602098e-01
4.130574352764073698e-01
4.247734326675770555e-01
4.122267639072773049e-01
3.966050516573391693e-01
4.069899031671869727e-01
3.868638257550238713e-01
3.852239110186428395e-01
3.971047583330949426e-01
4.083418826103265009e-01
3.950351813468030437e-01
4.159154598083302790e-01
3.847095730862410967e-01
4.371977844723191065e-01
4.886535676654694127e-01
4.732946343634709674e-01
4.588016895860376199e-01
4.768650106815705003e-01
4.683370093862425643e-01
4.709790280205156665e-01
4.454573939594324017e-01
4.745547675849370317e-01
4.665397576462336771e-01
4.588710516123815086e-01
4.663440277508662524e-01
4.280976126219990796e-01
3.880581003278265051e-01
3.966388275519073803e-01
3.966259300672491106e-01
4.024491425660534638e-01
4.050339597878555020e-01
3.843906659390768921e-01
3.887434702562582722e-01
3.848035980492544028e-01
3.844060484936262512e-01
4.008405560709211723e-01
4.109533434912316929e-01
4.753858482380670103e-01
4.680760873114198639e-01
4.455470205311626852e-01
4.644874927276547716e-01
4.831749407667828566e-01
4.658237218590446926e-01
4.718019363449107439e-01
4.732898772354515726e-01
4.716317985378717381e-01
4.556436333508258052e-01
4.816647384907158935e-01
4.777933287441688548e-01
4.023413726312438654e-01
3.651173950590916872e-01
3.967637822146654059e-01
4.137634886000407519e-01
4.035371517352439596e-01
3.912104655667182906e-01
4.063321103067192297e-01
3.890303715768816950e-01
3.842903450752067629e-01
3.945546310219222308e-01
3.851599073434806009e-01
4.078454315807990560e-01
4.703279112317493293e-01
4.792040748088362001e-01
4.760479541925294877e-01
4.773814495882726106e-01
4.844721332845102202e-01
4.648561030158989693e-01
4.821534112700952002e-01
4.660086940236775055e-01
4.567632940884444603e-01
4.660387083466161484e-01
4.593277918287986816e-01
4.658230184718565869e-01
3.958690320534844487e-01
3.932044728134239664e-01
4.219353229787263793e-01
4.223657732454617619e-01
3.887861557361146914e-01
3.984843486676907798e-01
4.169594167016511532e-01
3.757801019804990483e-01
3.997605368169767637e-01
3.866959548978802230e-01
3.770879777937755639e-01
3.992821877661069108e-01
4.697125461036200100e-01
4.555300966514405081e-01
4.785518028204311380e-01
4.854754083741197879e-01
4.803643993699088233e-01
4.737000463198319800e-01
4.535469540821946977e-01
4.518235294148348902e-01
4.487486189610888077e-01
