-2.903580535015806152e-01
-3.065120062298611892e-01
-4.484653306408545870e-01
-3.094794759851646759e-01
-3.326162013962834507e-01
-2.060268991227673929e-01
-3.068884399942459762e-01
-2.163807405294300157e-01
-2.030508410362730221e-01
-1.890130940076057975e-01
-2.156366415493309319e-01
-2.716544058407217577e-01
-2.436124905861916101e-01
-3.272966736786224740e-01
-2.072651162512253453e-01
-2.063074810401483994e-01
-2.062991792531028157e-01
-1.791054692394016268e-01
-2.388919097110377976e-01
-3.082112686134130808e-01
-4.690094942163669511e-01
-3.013097320387843059e-01
-2.889603999377647892e-01
-2.746925351038282948e-01
-3.306899667189810987e-01
-2.966543608709870661e-01
-2.627966076630543490e-01
-2.742971428433342851e-01
-2.764096001902778266e-01
-2.749360838673342577e-01
-3.035373970188106618e-01
-2.998397088821553869e-01
-2.159308060087872239e-01
-2.522223832940575505e-01
-2.126354891760366961e-01
-1.597893064614666070e-01
-2.538534883286345245e-01
-1.760144053755710036e-01
-2.896127653220097464e-01
-2.163231259810474150e-01
-1.949116646413047160e-01
-2.618256325453041100e-01
-2.263794646750618700e-01
-2.900118480109314945e-01
-3.189359544338896679e-01
-3.231403306691260635e-01
-2.757065542369745437e-01
-3.659414320810561172e-01
-3.617077935089207941e-01
-3.355680619842047463e-01
-2.965105896711501821e-01
-2.067883961386538516e-01
-2.751026000273075756e-01
-3.173354256922817918e-01
-3.399820944842497639e-01
-2.965063245333039443e-01
-2.151741120547232544e-01
-1.548562471589680634e-01
-1.912287267362269283e-01
-2.369771735964187886e-01
-3.067624980832850401e-01
-2.349089201132914528e-01
-1.754453212103213033e-01
-2.833049194680583582e-01
-2.431651448545306682e-01
-3.053742294548849046e-01
-2.314771700108089192e-01
-3.243137696559428296e-01
-2.990033340237132631e-01
-3.711680585815373412e-01
-3.335524299854826236e-01
-2.923826730451091205e-01
-2.409281971387740029e-01
-2.692464442251349954e-01
-3.341465051951950649e-01
-3.248816991304128710e-01
-2.678320418220088150e-01
-3.782014706485115063e-01
-3.018354575431316800e-01
-1.944413768749151394e-01
-2.539364825170156159e-01
-2.131751334070699500e-01
-2.946424450991147470e-01
-2.220624767708485603e-01
-2.941864229955686305e-01
-1.894649403280865840e-01
-2.548111322365980147e-01
-2.017558939437997800e-01
-3.017238931231358556e-01
-2.435618416567240097e-01
-1.915581516076074742e-01
-2.973265418656760861e-01
-2.817024478564600365e-01
-3.905587740613021275e-01
-2.605221955174943371e-01
-3.393066635790302765e-01
-3.103721872774292123e-01
-2.598517625645686557e-01
-2.001019469104556858e-01
-2.562801259621236838e-01
